                                   Date      Open      High       Low     Close      Volume          Ema3          Ema6          Ema9        Macd     Signal   Momentum        Rsi          Vwap  Gradient       Buy      Sell
Date                                                                                                                                                                                                                          
2021-01-06 17:02:00 2021-01-06 17:02:00  34842.36  34939.00  34800.00  34860.00  160.123508  34860.000000  34860.000000  34860.000000    0.000000   0.000000   0.000000  63.949619  34869.500000   11355.0       NaN       NaN
2021-01-06 17:03:00 2021-01-06 17:03:00  34860.01  34973.55  34850.00  34973.55  241.884197  34916.775000  34892.442857  34882.710000    9.058120   1.811624   7.246496  63.949619  34894.936464    9899.5       NaN       NaN
2021-01-06 17:04:00 2021-01-06 17:04:00  34961.37  35076.42  34941.75  35057.99  222.789558  34987.382500  34939.742041  34917.766000   22.787665   6.006832  16.780833  63.949619  34935.639430     -24.0       NaN       NaN
2021-01-06 17:05:00 2021-01-06 17:05:00  35057.99  35076.42  34932.19  34973.07  185.457957  34980.226250  34949.264315  34928.826800   26.510498  10.107565  16.402933  63.949619  34951.356177   -6637.0       NaN       NaN
2021-01-06 17:06:00 2021-01-06 17:06:00  34973.53  34975.36  34883.84  34925.25  123.417154  34952.738125  34942.403082  34928.111440   25.310432  13.148139  12.162294  63.949619  34948.480344   -1533.5       NaN       NaN
2021-01-06 17:07:00 2021-01-06 17:07:00  34925.25  34981.51  34919.91  34942.40  121.528205  34947.569062  34942.402201  34930.969152   25.449863  15.608484   9.841380  63.949619  34948.737136    3073.0       NaN       NaN
2021-01-06 17:08:00 2021-01-06 17:08:00  34942.39  35030.47  34941.04  34986.71  191.840742  34967.139531  34955.061572  34942.117322   28.803778  18.247543  10.556236  68.126882  34954.431842    1539.5       NaN       NaN
2021-01-06 17:09:00 2021-01-06 17:09:00  34986.71  35010.45  34951.47  34973.19   82.682710  34970.164766  34960.241123  34948.331857   30.024722  20.602979   9.421744  65.354129  34956.081372   -3793.5       NaN       NaN
2021-01-06 17:10:00 2021-01-06 17:10:00  34973.19  34977.03  34901.00  34910.84  163.017686  34940.502383  34946.126517  34940.833486   25.665351  21.615453   4.049898  53.340126  34954.217607   -6206.5       NaN       NaN
2021-01-06 17:11:00 2021-01-06 17:11:00  34910.84  34910.85  34836.27  34849.06   82.332509  34894.781191  34918.393226  34922.478789   17.029088  20.698180  -3.669092  43.772418  34950.001461    4558.5       NaN       NaN
2021-01-06 17:12:00 2021-01-06 17:12:00  34849.07  35006.44  34829.00  35002.01   89.429236  34948.395596  34942.283733  34938.385031   22.269861  21.012516   1.257345  63.319207  34948.267066    6067.0       NaN       NaN
2021-01-06 17:13:00 2021-01-06 17:13:00  35004.62  35004.62  34926.43  34970.40   52.117263  34959.397798  34950.316952  34944.788025   23.600496  21.530112   2.070384  58.293444  34948.791023   -3182.5       NaN       NaN
2021-01-06 17:14:00 2021-01-06 17:14:00  34970.39  34985.42  34930.14  34938.36   38.137299  34948.878899  34946.900680  34943.502420   21.818168  21.587723   0.230445  53.161165  34948.986387     402.5       NaN       NaN
2021-01-06 17:15:00 2021-01-06 17:15:00  34938.35  34990.00  34900.00  34978.45   96.998267  34963.664449  34955.914771  34950.491936   23.371180  21.944415   1.426765  58.630067  34948.777573    2017.5       NaN       NaN
2021-01-06 17:16:00 2021-01-06 17:16:00  34975.55  34990.00  34915.90  34978.71   83.397446  34971.187225  34962.427694  34956.135549   24.342329  22.423998   1.918332  58.667625  34948.957388   -3087.5       NaN       NaN
2021-01-06 17:17:00 2021-01-06 17:17:00  34978.71  34985.64  34907.70  34916.70   64.230414  34943.943612  34949.362639  34948.248439   19.879129  21.915024  -2.035895  46.567924  34948.883905   -8129.0       NaN       NaN
2021-01-06 17:18:00 2021-01-06 17:18:00  34916.70  34933.33  34769.06  34816.13   82.040825  34880.036806  34911.296170  34921.824751    8.133099  19.158639 -11.025540  33.229863  34945.033428   -1893.5       NaN       NaN
2021-01-06 17:19:00 2021-01-06 17:19:00  34816.14  34897.07  34815.00  34878.83   56.038976  34879.433403  34902.020122  34913.225801    3.839393  16.094790 -12.255396  45.012670  34942.700112    5124.0       NaN       NaN
2021-01-06 17:20:00 2021-01-06 17:20:00  34878.82  34947.02  34878.82  34918.61   90.413390  34899.021702  34906.760087  34914.302641    3.604959  13.596824  -9.991865  51.525349  34941.491553    -965.0       NaN       NaN
2021-01-06 17:21:00 2021-01-06 17:21:00  34918.61  34930.00  34859.53  34859.53   77.628766  34879.275851  34893.265776  34903.348113   -1.332732  10.610912 -11.943644  42.544841  34939.918222    -593.0       NaN       NaN
2021-01-06 17:22:00 2021-01-06 17:22:00  34860.01  34924.03  34841.54  34906.75   53.037291  34893.012925  34897.118412  34904.028490   -1.419267   8.204877  -9.624144  50.773770  34938.633449    2314.0       NaN       NaN
2021-01-06 17:23:00 2021-01-06 17:23:00  34906.74  34912.09  34850.00  34905.81   42.273149  34899.411463  34899.601723  34904.384792   -1.545878   6.254726  -7.800603  50.600647  34937.619442   -2209.5       NaN       NaN
2021-01-06 17:24:00 2021-01-06 17:24:00  34909.61  34913.72  34861.05  34862.56   93.721208  34880.985731  34889.018373  34896.019834   -5.077599   3.988261  -9.065860  42.583888  34935.732105   -3693.5       NaN       NaN
2021-01-06 17:25:00 2021-01-06 17:25:00  34863.87  34873.77  34812.18  34831.94   87.093179  34856.462866  34872.710267  34883.203867  -10.229375   1.144734 -11.374108  37.532091  34932.602878    1263.5       NaN       NaN
2021-01-06 17:26:00 2021-01-06 17:26:00  34831.93  34963.10  34831.93  34887.83  162.059636  34872.146433  34877.030190  34884.129094   -9.690630  -1.022339  -8.668291  50.416109  34930.530367   -1684.5       NaN       NaN
2021-01-06 17:27:00 2021-01-06 17:27:00  34887.84  34887.84  34795.04  34798.25   70.620687  34835.198216  34854.521565  34866.953275  -16.304085  -4.078688 -12.225397  36.096819  34928.294785   -1893.0       NaN       NaN
2021-01-06 17:28:00 2021-01-06 17:28:00  34798.25  34866.78  34740.99  34849.97  103.631861  34842.584108  34853.221118  34863.556620  -17.173953  -6.697741 -10.476212  46.604068  34923.876324    -441.0       NaN       NaN
2021-01-06 17:29:00 2021-01-06 17:29:00  34849.98  34854.26  34754.00  34789.43   97.132162  34816.007054  34834.995084  34848.731296  -22.489161  -9.856025 -12.633136  37.860020  34920.018636     211.5       NaN       NaN
2021-01-06 17:30:00 2021-01-06 17:30:00  34789.43  34860.40  34720.00  34854.20   79.612363  34835.103527  34840.482203  34849.825037  -21.230374 -12.130895  -9.099479  49.922667  34916.678988    4871.5       NaN       NaN
2021-01-06 17:31:00 2021-01-06 17:31:00  34854.20  34909.80  34798.65  34886.86   80.556242  34860.981764  34853.733002  34857.232029  -17.396846 -13.184085  -4.212761  55.186520  34915.094524    7012.5       NaN       NaN
2021-01-06 17:32:00 2021-01-06 17:32:00  34889.59  35006.00  34871.49  34994.45  132.205195  34927.715882  34893.937859  34884.675623   -5.612438 -11.669756   6.057318  68.341492  34916.039880    3069.0       NaN       NaN
2021-01-06 17:33:00 2021-01-06 17:33:00  34994.45  35006.44  34834.86  34948.24  117.492004  34937.977941  34909.452756  34897.388499   -0.001948  -9.336194   9.334247  59.360504  34916.198029   -2502.0       NaN       NaN
2021-01-06 17:34:00 2021-01-06 17:34:00  34950.00  34990.00  34919.04  34944.41  173.133803  34941.193970  34919.440540  34906.792799    4.088231  -6.651309  10.739540  58.594657  34918.042023     714.0       NaN       NaN
2021-01-06 17:35:00 2021-01-06 17:35:00  34944.42  34978.01  34900.00  34962.52   68.523568  34951.856985  34931.748957  34917.938239    8.690869  -3.582873  12.273743  61.419007  34918.433792   -1552.0       NaN       NaN
2021-01-06 17:36:00 2021-01-06 17:36:00  34962.52  34962.53  34883.85  34913.37   61.185679  34932.613493  34926.497827  34917.024591    8.277086  -1.210881   9.487968  50.254840  34918.511857   -4129.5       NaN       NaN
2021-01-06 17:37:00 2021-01-06 17:37:00  34913.36  34931.09  34872.85  34879.93   34.551925  34906.271746  34913.192733  34909.605673    5.190993   0.069493   5.121500  43.760568  34918.359943   -5364.0       NaN       NaN
2021-01-06 17:38:00 2021-01-06 17:38:00  34879.93  34880.77  34800.38  34806.09   52.357665  34856.180873  34882.591952  34888.902538   -3.176413  -0.579688  -2.596725  32.598266  34917.292324   -5051.5       NaN       NaN
2021-01-06 17:39:00 2021-01-06 17:39:00  34806.08  34860.70  34754.15  34778.90   82.919259  34817.540437  34852.965680  34866.902031  -11.864878  -2.836726  -9.028152  29.296233  34914.954966   -3903.0       NaN       NaN
2021-01-06 17:40:00 2021-01-06 17:40:00  34786.41  34808.97  34701.00  34728.03   58.302763  34772.785218  34817.269772  34839.127625  -22.594873  -6.788355 -15.806517  23.868222  34912.597310   -4959.5       NaN       NaN
2021-01-06 17:41:00 2021-01-06 17:41:00  34730.27  34780.02  34674.88  34679.71   90.120110  34726.247609  34777.966980  34807.244100  -34.598659 -12.350416 -22.248243  19.706407  34908.473398   -1406.0       NaN       NaN
2021-01-06 17:42:00 2021-01-06 17:42:00  34690.45  34711.71  34611.74  34699.91   84.418246  34713.078805  34755.664986  34785.777280  -41.997653 -18.279863 -23.717789  26.164901  34903.430352     995.0       NaN       NaN
2021-01-06 17:43:00 2021-01-06 17:43:00  34698.15  34710.82  34655.31  34699.61   75.949291  34706.344402  34739.649275  34768.543824  -47.339911 -24.091873 -23.248038  26.127447  34899.451516    1509.5       NaN       NaN
2021-01-06 17:44:00 2021-01-06 17:44:00  34699.61  34749.52  34699.61  34730.10   67.150030  34718.222201  34736.920911  34760.855059  -48.553704 -28.984239 -19.569465  37.107312  34896.703537    1536.0       NaN       NaN
2021-01-06 17:45:00 2021-01-06 17:45:00  34730.10  34772.38  34705.92  34730.33   73.632653  34724.276101  34735.037794  34754.750047  -48.933015 -32.973994 -15.959021  37.191817  34894.034894    2032.5       NaN       NaN
2021-01-06 17:46:00 2021-01-06 17:46:00  34733.04  34799.98  34733.04  34770.75   64.446104  34747.513050  34745.241281  34757.950038  -45.448168 -35.468829  -9.979339  51.059396  34892.171982   -4753.0       NaN       NaN
2021-01-06 17:47:00 2021-01-06 17:47:00  34770.75  34780.16  34635.00  34635.27   96.678756  34691.391525  34713.820915  34733.414030  -53.007468 -38.976557 -14.030911  27.043247  34888.213488   -8016.5       NaN       NaN
2021-01-06 17:48:00 2021-01-06 17:48:00  34635.27  34703.70  34605.56  34610.42   73.431996  34650.905763  34684.277796  34708.815224  -60.308258 -43.242897 -17.065361  24.506159  34884.469825     161.5       NaN       NaN
2021-01-06 17:49:00 2021-01-06 17:49:00  34609.83  34649.25  34549.00  34638.50  114.734352  34644.702881  34671.198426  34694.752179  -63.100978 -47.214513 -15.886465  33.026057  34877.498887   -1363.5       NaN       NaN
2021-01-06 17:50:00 2021-01-06 17:50:00  34640.35  34641.92  34543.19  34583.15   83.758407  34613.926441  34646.041733  34672.431743  -68.985291 -51.568669 -17.416622  26.067439  34872.506153   -9133.0       NaN       NaN
2021-01-06 17:51:00 2021-01-06 17:51:00  34583.15  34605.96  34455.55  34455.84  178.477635  34534.883220  34591.698381  34629.113395  -82.965134 -57.847962 -25.117172  16.482135  34860.205595   -8561.5       NaN       NaN
2021-01-06 17:52:00 2021-01-06 17:52:00  34455.84  34534.43  34400.00  34411.92  168.960151  34473.401610  34540.333129  34585.674716  -96.476121 -65.573594 -30.902527  14.304604  34847.256301    -199.0       NaN       NaN
2021-01-06 17:53:00 2021-01-06 17:53:00  34411.92  34471.88  34372.92  34451.86  187.457660  34462.630805  34515.055092  34558.911773 -102.776112 -73.014097 -29.762014  25.102632  34832.272180    2275.5       NaN       NaN
2021-01-06 17:54:00 2021-01-06 17:54:00  34450.00  34513.41  34432.43  34457.43  126.607824  34460.030403  34498.590780  34538.615418 -106.096434 -79.630564 -26.465869  26.649379  34823.911471    2880.5       NaN       NaN
2021-01-06 17:55:00 2021-01-06 17:55:00  34457.43  34518.38  34457.42  34509.47   82.246475  34484.750201  34501.699129  34532.786335 -103.337411 -84.371934 -18.965477  40.439660  34818.908605    3894.0       NaN       NaN
2021-01-06 17:56:00 2021-01-06 17:56:00  34511.26  34547.90  34500.00  34535.31   83.327190  34510.030101  34511.302235  34533.291068  -97.936838 -87.084915 -10.851923  46.439633  34814.525387    2289.5       NaN       NaN
2021-01-06 17:57:00 2021-01-06 17:57:00  34531.95  34568.00  34512.31  34555.26   95.377932  34532.645050  34523.861596  34537.684854  -90.998078 -87.867547  -3.130531  51.011735  34809.936522    2932.5       NaN       NaN
2021-01-06 17:58:00 2021-01-06 17:58:00  34555.19  34594.57  34531.58  34593.96   76.512733  34563.302525  34543.889712  34548.939883  -81.437532 -86.581544   5.144012  59.132543  34806.668243    2857.5       NaN       NaN
2021-01-06 17:59:00 2021-01-06 17:59:00  34594.02  34622.82  34576.30  34612.41   78.592762  34587.856263  34563.466937  34561.633907  -71.547219 -83.574679  12.027460  62.672535  34803.889517   -1197.5       NaN       NaN
2021-01-06 18:00:00 2021-01-06 18:00:00  34615.98  34637.51  34562.00  34570.01   69.847796  34578.933131  34565.336383  34563.309125  -66.365381 -80.132820  13.767439  50.588157  34801.484118    4825.0       NaN       NaN
2021-01-06 18:01:00 2021-01-06 18:01:00  34570.02  34742.07  34570.02  34708.91   90.432611  34643.921566  34606.357417  34592.429300  -50.468894 -74.200034  23.731140  71.893023  34799.298630    7320.5       NaN       NaN
2021-01-06 18:02:00 2021-01-06 18:02:00  34706.54  34761.14  34690.17  34716.42   89.018367  34680.170783  34637.803869  34617.227440  -36.840149 -66.728057  29.887908  72.657912  34798.225184    1193.5       NaN       NaN
2021-01-06 18:03:00 2021-01-06 18:03:00  34716.45  34759.56  34706.19  34732.78   86.632185  34706.475391  34664.939907  34640.337952  -24.437455 -58.269937  33.832482  74.473823  34797.311125    1728.5       NaN       NaN
2021-01-06 18:04:00 2021-01-06 18:04:00  34732.77  34750.99  34715.51  34750.99   44.983771  34728.732696  34689.525648  34662.468362  -12.989106 -49.213771  36.224665  76.553733  34796.849217    2243.0       NaN       NaN
2021-01-06 18:05:00 2021-01-06 18:05:00  34751.00  34810.74  34750.99  34777.64   58.882295  34753.186348  34714.701177  34685.502689   -1.745652 -39.720147  37.974495  79.488802  34796.699765     118.0       NaN       NaN
2021-01-06 18:06:00 2021-01-06 18:06:00  34777.65  34777.65  34712.97  34753.35   59.085602  34753.268174  34725.743698  34699.072152    5.145552 -30.747007  35.892559  69.916123  34796.222095   -3273.0       NaN       NaN
2021-01-06 18:07:00 2021-01-06 18:07:00  34753.35  34753.35  34669.12  34712.18   70.034656  34732.724087  34721.868356  34701.693721    7.201788 -23.157248  30.359036  56.160174  34795.295954   -1437.0       NaN       NaN
2021-01-06 18:08:00 2021-01-06 18:08:00  34713.18  34766.82  34707.00  34724.61   26.427771  34728.667043  34722.651683  34706.276977    9.722295 -16.581339  26.303634  59.077261  34795.056844    3366.5       NaN       NaN
2021-01-06 18:09:00 2021-01-06 18:09:00  34725.00  34787.20  34706.40  34779.51   44.718973  34754.088522  34738.896916  34720.923582   15.965742 -10.071923  26.037665  69.746596  34794.724735    1429.5       NaN       NaN
2021-01-06 18:10:00 2021-01-06 18:10:00  34780.44  34784.97  34723.13  34753.20   45.855562  34753.644261  34742.983511  34727.378865   18.576583  -4.342222  22.918805  60.652653  34794.439704   -2715.5       NaN       NaN
2021-01-06 18:11:00 2021-01-06 18:11:00  34753.21  34754.53  34705.86  34725.20   29.837945  34739.422130  34737.902508  34726.943092   18.176796   0.161582  18.015215  51.994846  34794.148092   -2617.5       NaN       NaN
2021-01-06 18:12:00 2021-01-06 18:12:00  34726.55  34732.68  34665.20  34700.85   82.211688  34720.136065  34727.316077  34721.724474   15.713980   3.272061  12.441919  45.253692  34792.972086    2613.0       NaN       NaN
2021-01-06 18:13:00 2021-01-06 18:13:00  34700.84  34777.46  34700.84  34777.46   45.754458  34748.798033  34741.642912  34732.871579   19.716685   6.560986  13.155699  63.244873  34792.604617    4333.5       NaN       NaN
2021-01-06 18:14:00 2021-01-06 18:14:00  34777.45  34830.36  34771.52  34787.52   65.582104  34768.159016  34754.750652  34743.801263   23.430524   9.934894  13.495630  65.054503  34792.685398   -1373.0       NaN       NaN
2021-01-06 18:15:00 2021-01-06 18:15:00  34787.52  34796.55  34743.24  34750.00   40.063278  34759.079508  34753.393323  34745.041011   23.080163  12.563948  10.516216  53.307960  34792.551266   -1395.0       NaN       NaN
2021-01-06 18:16:00 2021-01-06 18:16:00  34749.99  34774.31  34730.39  34759.62   43.097450  34759.349754  34755.172373  34747.956808   23.310050  14.713168   8.596882  55.765429  34792.298345   -4737.5       NaN       NaN
2021-01-06 18:17:00 2021-01-06 18:17:00  34761.32  34766.45  34650.00  34655.25   61.011558  34707.299877  34726.623124  34729.415447   14.898707  14.750276   0.148431  33.090983  34791.556160    -113.5  34655.25       NaN
2021-01-06 18:18:00 2021-01-06 18:18:00  34655.24  34762.99  34650.00  34757.35   80.854105  34732.324939  34735.402231  34735.002357   16.283567  15.056934   1.226633  54.708966  34790.572548    4734.5       NaN       NaN
2021-01-06 18:19:00 2021-01-06 18:19:00  34757.29  34788.00  34718.26  34749.94   60.208198  34741.132469  34739.555879  34737.989886   16.591892  15.363926   1.227967  53.211659  34790.252888    -880.5       NaN       NaN
2021-01-06 18:20:00 2021-01-06 18:20:00  34749.94  34756.18  34714.28  34739.74   19.557530  34740.436235  34739.608485  34738.339909   15.830701  15.457281   0.373420  50.910112  34790.100721    2463.0       NaN       NaN
2021-01-06 18:21:00 2021-01-06 18:21:00  34739.75  34808.19  34734.25  34799.20   40.754080  34769.818117  34756.634632  34750.511927   19.797167  16.325258   3.471909  62.312913  34789.992538    3289.0       NaN       NaN
2021-01-06 18:22:00 2021-01-06 18:22:00  34799.20  34817.22  34782.37  34805.52   46.652478  34787.669059  34770.601880  34761.513542   23.183348  17.696876   5.486472  63.397353  34790.056414    1511.0       NaN       NaN
2021-01-06 18:23:00 2021-01-06 18:23:00  34805.52  34831.94  34804.56  34829.42   47.153992  34808.544529  34787.407057  34775.094833   27.478694  19.653240   7.825454  67.624879  34790.240893    2224.0       NaN       NaN
2021-01-06 18:24:00 2021-01-06 18:24:00  34829.42  34867.36  34790.00  34850.00   63.863712  34829.272265  34805.290755  34790.075867   32.172555  22.157103  10.015453  71.076715  34790.578549    3127.0       NaN       NaN
2021-01-06 18:25:00 2021-01-06 18:25:00  34850.00  34900.00  34807.10  34891.96   56.806457  34860.616132  34830.053397  34810.452693   38.830680  25.491818  13.338862  77.060697  34791.066760    2915.0       NaN       NaN
2021-01-06 18:26:00 2021-01-06 18:26:00  34891.96  34934.02  34887.92  34908.30   60.417476  34884.458066  34852.409569  34830.022155   44.908120  29.375079  15.533041  79.082973  34792.047364    1899.5       NaN       NaN
2021-01-06 18:27:00 2021-01-06 18:27:00  34908.30  34968.90  34908.30  34929.95   57.125895  34907.204033  34874.563978  34850.007724   50.884939  33.677051  17.207888  81.654427  34793.171920    -190.0       NaN       NaN
2021-01-06 18:28:00 2021-01-06 18:28:00  34929.94  34942.83  34858.91  34904.50   45.296673  34905.852017  34883.117127  34860.906179   52.957547  37.533150  15.424397  69.586923  34793.823240    -135.5       NaN       NaN
2021-01-06 18:29:00 2021-01-06 18:29:00  34904.50  34927.25  34888.81  34927.24   29.588818  34916.546008  34895.723662  34874.172943   55.791898  41.184900  14.606999  73.746993  34794.272635    2895.0       NaN       NaN
2021-01-06 18:30:00 2021-01-06 18:30:00  34927.24  34963.67  34897.35  34962.40   77.553947  34939.473004  34914.774044  34891.818355   60.181525  44.984225  15.197300  79.061135  34795.663394    -167.5       NaN       NaN
2021-01-06 18:31:00 2021-01-06 18:31:00  34958.33  34965.00  34917.15  34923.89   34.302011  34931.681502  34917.378603  34898.232684   59.862838  47.959947  11.902891  62.447187  34796.316996   -1782.5       NaN       NaN
2021-01-06 18:32:00 2021-01-06 18:32:00  34925.66  34931.69  34869.84  34926.75   55.200791  34929.215751  34920.056145  34903.936147   59.159106  50.199779   8.959327  63.137535  34797.067081    4795.5       NaN       NaN
2021-01-06 18:33:00 2021-01-06 18:33:00  34926.73  35026.04  34916.76  35019.80  156.290182  34974.507876  34948.554389  34927.108918   65.356363  53.231096  12.125267  78.539928  34800.541118    3793.5       NaN       NaN
2021-01-06 18:34:00 2021-01-06 18:34:00  35019.80  35030.87  34961.90  35002.62   72.796985  34988.563938  34964.001707  34942.211134   68.096478  56.204172  11.892305  71.885186  34802.342203   -1900.0       NaN       NaN
2021-01-06 18:35:00 2021-01-06 18:35:00  35005.87  35005.87  34928.27  34981.80   64.574172  34985.181969  34969.086933  34950.128907   67.806408  58.524619   9.281789  63.999230  34803.675135    -280.0       NaN       NaN
2021-01-06 18:36:00 2021-01-06 18:36:00  34981.79  35027.96  34981.79  34997.02  100.422976  34991.100984  34977.067810  34959.507126   68.020554  60.423806   7.596748  67.159604  34806.175550   -2357.5       NaN       NaN
2021-01-06 18:37:00 2021-01-06 18:37:00  34993.26  34993.26  34914.87  34934.65   64.834884  34962.875492  34964.948435  34954.535701   62.437785  60.826602   1.611183  46.909416  34807.352686   -3287.0       NaN       NaN
2021-01-06 18:38:00 2021-01-06 18:38:00  34934.66  34999.23  34912.76  34931.28   35.638887  34947.077746  34955.328882  34949.884560   57.083446  60.077971  -2.994525  46.009903  34808.000203   -2257.0       NaN       NaN
2021-01-06 18:39:00 2021-01-06 18:39:00  34931.28  34938.64  34870.39  34889.51   36.863477  34918.293873  34936.523487  34937.809648   48.905849  57.843546  -8.937698  35.799545  34808.433138    1099.5       NaN       NaN
2021-01-06 18:40:00 2021-01-06 18:40:00  34889.51  34965.82  34886.50  34953.27   48.443847  34935.781937  34941.308205  34940.901719   47.027835  55.680404  -8.652569  54.354281  34809.123050    4509.5       NaN       NaN
2021-01-06 18:41:00 2021-01-06 18:41:00  34953.27  34999.00  34930.13  34979.70   59.489507  34957.740968  34952.277290  34948.661375   47.128903  53.970104  -6.841201  60.091624  34810.233692    2209.5       NaN       NaN
2021-01-06 18:42:00 2021-01-06 18:42:00  34979.92  34999.96  34963.46  34997.46   45.359206  34977.600484  34965.186635  34958.421100   48.087758  52.793635  -4.705877  63.764237  34811.162820     132.0       NaN       NaN
2021-01-06 18:43:00 2021-01-06 18:43:00  34999.98  34999.99  34930.15  34982.34   40.857190  34979.970242  34970.087597  34963.204880   47.084835  51.651875  -4.567039  58.284563  34811.910333    2392.5       NaN       NaN
2021-01-06 18:44:00 2021-01-06 18:44:00  34982.34  35057.81  34960.65  35045.31  126.601680  35012.640121  34991.579712  34979.625904   50.785738  51.478648  -0.692909  70.817710  34814.835925    -121.0       NaN  35045.31
2021-01-06 18:45:00 2021-01-06 18:45:00  35045.31  35051.68  34963.94  34979.92   60.722142  34996.280061  34988.248366  34979.684723   47.890255  50.760969  -2.870714  51.526713  34816.198538   -5235.5       NaN       NaN
2021-01-06 18:46:00 2021-01-06 18:46:00  34977.93  34983.68  34928.29  34940.60   63.445179  34968.440030  34974.634547  34971.867779   41.939318  48.996639  -7.057321  43.062356  34817.222298    -690.0       NaN       NaN
2021-01-06 18:47:00 2021-01-06 18:47:00  34940.61  34997.66  34933.67  34966.12   44.278890  34967.280015  34972.201819  34970.718223   38.834745  46.964260  -8.129515  49.520728  34817.977174    1103.5       NaN       NaN
2021-01-06 18:48:00 2021-01-06 18:48:00  34966.12  34996.99  34945.25  34962.67   32.156208  34964.975008  34969.478442  34969.108578   35.684613  44.708331  -9.023718  48.625958  34818.540656   -3053.5       NaN       NaN
2021-01-06 18:49:00 2021-01-06 18:49:00  34962.68  34987.48  34901.00  34905.05   62.574827  34935.012504  34951.070316  34956.296863   28.213431  41.409351 -13.195920  35.698574  34819.434277    -801.5       NaN       NaN
2021-01-06 18:50:00 2021-01-06 18:50:00  34905.05  34977.33  34905.05  34946.64   53.202945  34940.826252  34949.804511  34954.365490   25.356141  38.198709 -12.842568  47.733936  34820.165801   -1306.5       NaN       NaN
2021-01-06 18:51:00 2021-01-06 18:51:00  34945.88  34945.89  34855.01  34878.92   47.480726  34909.873126  34929.551794  34939.276392   17.426399  34.044247 -16.617847  34.951499  34820.593983   -4013.5       NaN       NaN
2021-01-06 18:52:00 2021-01-06 18:52:00  34878.92  34899.94  34850.43  34866.37   35.402685  34888.121563  34911.499853  34924.695114   10.013908  29.238179 -19.224271  32.987063  34820.810212   -1446.0       NaN       NaN
2021-01-06 18:53:00 2021-01-06 18:53:00  34866.38  34874.99  34830.00  34850.00   52.824409  34869.060781  34893.928466  34909.756091    2.786413  23.947826 -21.161413  30.319693  34820.996371    -224.0       NaN       NaN
2021-01-06 18:54:00 2021-01-06 18:54:00  34850.01  34896.81  34842.69  34861.89   42.373769  34865.475391  34884.774619  34900.182873   -1.959419  18.766377 -20.725796  34.907301  34821.225068    3685.0       NaN       NaN
2021-01-06 18:55:00 2021-01-06 18:55:00  34860.75  34940.50  34855.27  34923.70   52.177473  34894.587695  34895.896156  34904.886298   -0.724621  14.868177 -15.592798  53.858172  34821.665325     378.5       NaN       NaN
2021-01-06 18:56:00 2021-01-06 18:56:00  34923.71  34923.71  34851.48  34869.46   75.624300  34882.023848  34888.342969  34897.801039   -4.075766  11.079389 -15.155155  41.220828  34822.209574   -3331.0       NaN       NaN
2021-01-06 18:57:00 2021-01-06 18:57:00  34868.19  34879.30  34840.00  34857.08   42.123676  34869.551924  34879.410692  34889.656831   -7.642439   7.335023 -14.977462  38.731669  34822.380942    -196.0       NaN       NaN
2021-01-06 18:58:00 2021-01-06 18:58:00  34857.07  34870.52  34817.20  34865.54   44.812487  34867.545962  34875.447637  34884.833465   -9.674875   3.933043 -13.607918  41.622435  34822.485022    2072.0       NaN       NaN
2021-01-06 18:59:00 2021-01-06 18:59:00  34865.54  34898.53  34845.56  34898.52   20.106498  34883.032981  34882.039741  34887.570772   -8.526101   1.441215  -9.967316  52.177693  34822.592539    7416.5       NaN       NaN
2021-01-06 19:00:00 2021-01-06 19:00:00  34898.52  35040.00  34894.22  35013.87  110.841472  34948.451490  34919.705529  34912.830617    1.672808   1.487533   0.185275  72.810878  34824.300465    5859.0       NaN       NaN
2021-01-06 19:01:00 2021-01-06 19:01:00  35013.87  35031.86  34967.96  35015.70   36.566337  34982.075745  34947.132521  34933.404494    9.790326   3.148092   6.642234  73.032387  34824.982468     183.0       NaN       NaN
