                                   Date     Open     High      Low    Close     Volume  Close-Open         Ema3         Ema6  Ema3-Ema6       Macd     Signal  Momentum        Rsi  Gradient
Date                                                                                                                                                                                        
2021-04-27 22:05:00 2021-04-27 22:05:00  2184.55  2188.41  2180.30  2183.04  247.23728       -1.51  2183.755000  2184.061429  -0.306429  -0.114074  -0.022815 -0.091259  68.631108      51.5
2021-04-27 22:10:00 2021-04-27 22:10:00  2182.75  2187.30  2178.85  2185.50   90.26738        2.75  2184.627500  2184.472449   0.155051  -0.005909  -0.019434  0.013525  68.631108    -202.5
2021-04-27 22:15:00 2021-04-27 22:15:00  2185.80  2186.00  2176.53  2178.99  100.15968       -6.81  2181.808750  2182.906035  -1.097285  -0.440413  -0.103630 -0.336784  68.631108    -187.5
2021-04-27 22:20:00 2021-04-27 22:20:00  2179.51  2182.38  2178.21  2181.75   71.85116        2.24  2181.779375  2182.575739  -0.796364  -0.555647  -0.194033 -0.361614  68.631108     256.0
2021-04-27 22:25:00 2021-04-27 22:25:00  2181.68  2184.25  2176.68  2184.11   90.64849        2.43  2182.944688  2183.014099  -0.069412  -0.451335  -0.245494 -0.205842  68.631108      94.5
2021-04-27 22:30:00 2021-04-27 22:30:00  2184.12  2184.95  2181.05  2183.64   41.76592       -0.48  2183.292344  2183.192928   0.099416  -0.401959  -0.276787 -0.125173  67.217067     517.5
2021-04-27 22:35:00 2021-04-27 22:35:00  2183.20  2195.09  2181.16  2194.46  110.34461       11.26  2188.876172  2186.412092   2.464080   0.504440  -0.120541  0.624982  79.108272     382.0
2021-04-27 22:40:00 2021-04-27 22:40:00  2195.11  2196.15  2188.87  2191.28   67.46715       -3.83  2190.078086  2187.802923   2.275163   0.955159   0.094599  0.860560  70.136042    -524.0
2021-04-27 22:45:00 2021-04-27 22:45:00  2191.08  2193.27  2183.98  2183.98  127.35303       -7.10  2187.029043  2186.710659   0.318384   0.715064   0.218692  0.496372  53.439753    -273.0
2021-04-27 22:50:00 2021-04-27 22:50:00  2184.62  2188.36  2181.59  2185.82   73.37039        1.20  2186.424521  2186.456185  -0.031663   0.665588   0.308071  0.357517  56.567084     473.0
2021-04-27 22:55:00 2021-04-27 22:55:00  2186.18  2196.12  2185.88  2193.44  126.95352        7.26  2189.932261  2188.451561   1.480700   1.227103   0.491877  0.735225  67.436535     -88.0
2021-04-27 23:00:00 2021-04-27 23:00:00  2193.44  2193.90  2183.48  2184.06  123.74191       -9.38  2186.996130  2187.196829  -0.200699   0.904790   0.574460  0.330330  49.235500    -336.0
2021-04-27 23:05:00 2021-04-27 23:05:00  2183.43  2188.22  2177.14  2186.72   90.00568        3.29  2186.858065  2187.060592  -0.202527   0.854148   0.630397  0.223751  53.505812     135.5
2021-04-27 23:10:00 2021-04-27 23:10:00  2186.49  2189.99  2184.53  2186.77  107.65829        0.28  2186.814033  2186.977566  -0.163533   0.808726   0.666063  0.142663  53.593865      31.5
2021-04-27 23:15:00 2021-04-27 23:15:00  2187.08  2189.08  2182.98  2187.35   57.65522        0.27  2187.082016  2187.083976  -0.001959   0.810191   0.694889  0.115302  54.785819     -18.0
2021-04-27 23:20:00 2021-04-27 23:20:00  2187.44  2187.44  2184.00  2186.41   42.13856       -1.03  2186.746008  2186.891411  -0.145403   0.727120   0.701335  0.025785  52.179285    -462.5
2021-04-27 23:25:00 2021-04-27 23:25:00  2186.75  2186.76  2173.26  2178.10  231.23386       -8.65  2182.423004  2184.379579  -1.956575  -0.009157   0.559237 -0.568393  34.677092    -268.0
2021-04-27 23:30:00 2021-04-27 23:30:00  2177.99  2181.68  2177.68  2181.05   42.06904        3.06  2181.736502  2183.428271  -1.691769  -0.350580   0.377273 -0.727853  42.844012     367.0
2021-04-27 23:35:00 2021-04-27 23:35:00  2181.33  2185.45  2181.24  2185.44   35.05745        4.11  2183.588251  2184.003051  -0.414800  -0.263882   0.249042 -0.512924  53.275794     444.0
2021-04-27 23:40:00 2021-04-27 23:40:00  2185.54  2189.96  2185.54  2189.93   41.79701        4.39  2186.759126  2185.696465   1.062661   0.165228   0.232279 -0.067051  61.826818     306.5
2021-04-27 23:45:00 2021-04-27 23:45:00  2189.95  2197.08  2189.95  2191.57   96.98160        1.62  2189.164563  2187.374618   1.789945   0.630368   0.311897  0.318471  64.661493    -156.5
2021-04-27 23:50:00 2021-04-27 23:50:00  2191.29  2193.48  2185.06  2186.80   74.95417       -4.49  2187.982281  2187.210441   0.771840   0.607098   0.370937  0.236161  51.352086      93.5
2021-04-27 23:55:00 2021-04-27 23:55:00  2187.30  2193.44  2187.30  2193.44   23.48006        6.14  2190.711141  2188.990315   1.720826   1.111635   0.519077  0.592558  63.799060     -17.0
2021-04-28 00:00:00 2021-04-28 00:00:00  2193.00  2193.00  2185.07  2186.46   92.52538       -6.54  2188.585570  2188.267368   0.318202   0.937449   0.602751  0.334698  48.232086    -549.0
2021-04-28 00:05:00 2021-04-28 00:05:00  2186.46  2188.53  2182.46  2182.46  117.13057       -4.00  2185.522785  2186.608120  -1.085335   0.471208   0.576443 -0.105235  41.301889    -122.5
2021-04-28 00:10:00 2021-04-28 00:10:00  2182.47  2186.96  2181.63  2184.01  121.79583        1.54  2184.766393  2185.865800  -1.099407   0.224196   0.505993 -0.281797  44.978081     -32.5
2021-04-28 00:15:00 2021-04-28 00:15:00  2184.29  2185.61  2179.42  2181.81  148.21146       -2.48  2183.288196  2184.707000  -1.418804  -0.147386   0.375317 -0.522703  40.642685     -10.5
2021-04-28 00:20:00 2021-04-28 00:20:00  2182.06  2184.61  2179.98  2183.80   30.09454        1.74  2183.544098  2184.447857  -0.903759  -0.278085   0.244637 -0.522722  46.264784     -93.5
2021-04-28 00:25:00 2021-04-28 00:25:00  2184.20  2184.31  2172.77  2179.94  252.76059       -4.26  2181.742049  2183.159898  -1.417849  -0.685235   0.058663 -0.743898  37.907505    -208.0
2021-04-28 00:30:00 2021-04-28 00:30:00  2180.09  2180.72  2176.65  2179.64  126.00854       -0.45  2180.691025  2182.154213  -1.463188  -1.020351  -0.157140 -0.863211  37.279448    -212.5
2021-04-28 00:35:00 2021-04-28 00:35:00  2179.64  2179.82  2175.15  2175.69   39.33843       -3.95  2178.190512  2180.307295  -2.116783  -1.586377  -0.442988 -1.143390  29.545203    -270.0
2021-04-28 00:40:00 2021-04-28 00:40:00  2175.75  2177.93  2172.62  2174.24  165.23304       -1.51  2176.215256  2178.573782  -2.358526  -2.127437  -0.779877 -1.347559  27.071159    -499.5
2021-04-28 00:45:00 2021-04-28 00:45:00  2174.48  2175.45  2165.24  2165.70  133.02274       -8.78  2170.957628  2174.895559  -3.937931  -3.208353  -1.265572 -1.942780  17.006392      71.0
2021-04-28 00:50:00 2021-04-28 00:50:00  2165.62  2175.98  2165.01  2175.66   97.44143       10.04  2173.308814  2175.113970  -1.805156  -3.224132  -1.657284 -1.566848  45.410825     435.5
2021-04-28 00:55:00 2021-04-28 00:55:00  2176.04  2178.86  2173.18  2174.41   33.99817       -1.63  2173.859407  2174.912836  -1.053429  -3.299467  -1.985721 -1.313747  43.184926    -216.0
2021-04-28 01:00:00 2021-04-28 01:00:00  2174.70  2174.70  2163.69  2171.34  168.13291       -3.36  2172.599704  2173.892026  -1.292322  -3.565791  -2.301735 -1.264056  37.733798    -170.5
2021-04-28 01:05:00 2021-04-28 01:05:00  2170.52  2172.22  2166.31  2171.00   88.51861        0.48  2171.799852  2173.065733  -1.265881  -3.760935  -2.593575 -1.167360  37.111238     262.0
2021-04-28 01:10:00 2021-04-28 01:10:00  2171.18  2179.86  2171.02  2176.58   73.35895        5.40  2174.189926  2174.069809   0.120117  -3.425838  -2.760028 -0.665810  52.534211     699.0
2021-04-28 01:15:00 2021-04-28 01:15:00  2175.63  2186.53  2175.63  2184.98   44.70117        9.35  2179.584963  2177.187006   2.397956  -2.454171  -2.698856  0.244685  67.106586     228.0
2021-04-28 01:20:00 2021-04-28 01:20:00  2184.97  2185.88  2180.54  2181.14   52.43399       -3.83  2180.362481  2178.316433   2.046048  -1.971251  -2.553335  0.582084  57.433823      26.0
2021-04-28 01:25:00 2021-04-28 01:25:00  2182.77  2186.65  2181.31  2185.50   67.26320        2.73  2182.931241  2180.368881   2.562360  -1.222624  -2.287193  1.064569  64.421187     413.5
2021-04-28 01:30:00 2021-04-28 01:30:00  2185.32  2189.91  2175.89  2189.41   91.01796        4.09  2186.170620  2182.952058   3.218563  -0.310251  -1.891805  1.581554  69.762689     164.5
2021-04-28 01:35:00 2021-04-28 01:35:00  2189.22  2195.00  2188.00  2188.79   56.57463       -0.43  2187.480310  2184.620041   2.860269   0.358648  -1.441714  1.800362  67.825113     175.5
2021-04-28 01:40:00 2021-04-28 01:40:00  2189.70  2192.92  2187.25  2192.92   90.83873        3.22  2190.200155  2186.991458   3.208697   1.208086  -0.911754  2.119840  73.670549     108.5
2021-04-28 01:45:00 2021-04-28 01:45:00  2192.92  2192.92  2188.89  2190.96   67.41975       -1.96  2190.580078  2188.125327   2.454750   1.703479  -0.388707  2.092187  66.763015     323.0
2021-04-28 01:50:00 2021-04-28 01:50:00  2192.00  2200.00  2188.34  2199.38  176.48381        7.38  2194.980039  2191.340948   3.639091   2.743876   0.237809  2.506067  77.593374     946.0
2021-04-28 01:55:00 2021-04-28 01:55:00  2199.47  2209.88  2197.20  2209.88  210.10289       10.41  2202.430019  2196.637820   5.792199   4.365339   1.063315  3.302024  84.937916     719.0
2021-04-28 02:00:00 2021-04-28 02:00:00  2209.64  2218.49  2209.64  2213.76  145.04298        4.12  2208.095010  2201.529871   6.565138   5.895485   2.029749  3.865735  86.849350     693.0
2021-04-28 02:05:00 2021-04-28 02:05:00  2215.13  2227.85  2210.33  2223.74  260.25828        8.61  2215.917505  2207.875622   8.041882   7.823257   3.188451  4.634806  90.550661     762.5
2021-04-28 02:10:00 2021-04-28 02:10:00  2224.01  2230.86  2223.50  2229.01  139.72405        5.00  2222.463752  2213.914016   8.549736   9.664864   4.483733  5.181131  91.980863      28.0
2021-04-28 02:15:00 2021-04-28 02:15:00  2228.76  2230.15  2220.07  2224.30   78.33363       -4.46  2223.381876  2216.881440   6.500436  10.621852   5.711357  4.910495  79.135184      66.5
2021-04-28 02:20:00 2021-04-28 02:20:00  2223.99  2230.34  2223.26  2230.34   58.19211        6.35  2226.860938  2220.726743   6.134195  11.732405   6.915567  4.816839  82.826041      31.5
2021-04-28 02:25:00 2021-04-28 02:25:00  2230.32  2234.85  2223.69  2224.93  103.13110       -5.39  2225.895469  2221.927673   3.967796  12.037228   7.939899  4.097329  69.594019    -289.5
2021-04-28 02:30:00 2021-04-28 02:30:00  2225.06  2229.30  2216.97  2224.55  299.58969       -0.51  2225.222735  2222.676910   2.545825  12.108558   8.773631  3.334928  68.669343     219.0
2021-04-28 02:35:00 2021-04-28 02:35:00  2225.63  2230.88  2223.31  2229.31  116.85524        3.68  2227.266367  2224.572078   2.694289  12.406170   9.500139  2.906032  73.885035     100.5
2021-04-28 02:40:00 2021-04-28 02:40:00  2229.98  2233.30  2225.60  2226.56   57.33748       -3.42  2226.913184  2225.140056   1.773128  12.278588  10.055829  2.222759  66.240154    -173.0
2021-04-28 02:45:00 2021-04-28 02:45:00  2226.19  2227.37  2222.03  2225.85   53.57692       -0.34  2226.381592  2225.342897   1.038695  11.982065  10.441076  1.540989  64.182659      38.5
2021-04-28 02:50:00 2021-04-28 02:50:00  2226.13  2227.41  2221.91  2227.33   53.64600        1.20  2226.855796  2225.910641   0.945155  11.731262  10.699113  1.032149  66.764912     269.0
2021-04-28 02:55:00 2021-04-28 02:55:00  2227.60  2231.81  2224.38  2231.23   37.54823        3.63  2229.042898  2227.430458   1.612440  11.712185  10.901727  0.810457  72.935075     -99.5
2021-04-28 03:00:00 2021-04-28 03:00:00  2231.23  2234.15  2223.88  2225.34   97.70946       -5.89  2227.191449  2226.833184   0.358265  11.093909  10.940164  0.153745  54.573387    -107.0
2021-04-28 03:05:00 2021-04-28 03:05:00  2225.34  2230.88  2224.69  2229.09   75.85927        3.75  2228.140724  2227.477989   0.662736  10.782223  10.908575 -0.126352  61.901346     176.5
2021-04-28 03:10:00 2021-04-28 03:10:00  2229.04  2232.73  2226.41  2228.87   47.39172       -0.17  2228.505362  2227.875706   0.629656  10.397601  10.806381 -0.408780  61.206256    -180.5
2021-04-28 03:15:00 2021-04-28 03:15:00  2229.07  2230.87  2224.25  2225.48   52.59332       -3.59  2226.992681  2227.191219  -0.198538   9.707340  10.586573 -0.879232  50.682769    -139.5
2021-04-28 03:20:00 2021-04-28 03:20:00  2225.50  2227.95  2225.26  2226.08   30.07213        0.58  2226.536341  2226.873728  -0.337387   9.103776  10.290013 -1.186237  52.420245     394.5
2021-04-28 03:25:00 2021-04-28 03:25:00  2225.96  2234.01  2225.76  2233.37   64.71085        7.41  2229.953170  2228.729805   1.223365   9.108690  10.053749 -0.945059  68.566466     672.0
2021-04-28 03:30:00 2021-04-28 03:30:00  2233.64  2243.36  2233.53  2239.52  205.60221        5.88  2234.736585  2231.812718   2.923867   9.499335   9.942866 -0.443531  76.603949     459.0
2021-04-28 03:35:00 2021-04-28 03:35:00  2239.82  2243.08  2236.50  2242.55   74.72092        2.73  2238.643293  2234.880513   3.762780   9.938851   9.942063 -0.003212  79.676347     174.0
2021-04-28 03:40:00 2021-04-28 03:40:00  2242.26  2244.93  2240.05  2243.00   42.82850        0.74  2240.821646  2237.200366   3.621280  10.205836   9.994818  0.211018  80.141119    -108.0
2021-04-28 03:45:00 2021-04-28 03:45:00  2241.82  2242.19  2237.10  2240.39   33.80557       -1.43  2240.605823  2238.111690   2.494133  10.090501  10.013954  0.076546  69.136925      31.0
2021-04-28 03:50:00 2021-04-28 03:50:00  2240.00  2249.62  2240.00  2243.62   79.75675        3.62  2242.112912  2239.685493   2.427419  10.142811  10.039726  0.103085  74.364376    -160.0
2021-04-28 03:55:00 2021-04-28 03:55:00  2243.29  2244.60  2237.19  2237.19   62.68251       -6.10  2239.651456  2238.972495   0.678961   9.555272   9.942835 -0.387563  52.942941    -425.0
2021-04-28 04:00:00 2021-04-28 04:00:00  2237.23  2237.60  2229.01  2235.12   64.22482       -2.11  2237.385728  2237.871782  -0.486054   8.820930   9.718454 -0.897524  47.641327    -161.5
2021-04-28 04:05:00 2021-04-28 04:05:00  2235.13  2235.42  2231.52  2233.96   47.89660       -1.17  2235.672864  2236.754130  -1.081266   8.052532   9.385269 -1.332738  44.635595     108.5
2021-04-28 04:10:00 2021-04-28 04:10:00  2233.95  2237.29  2233.42  2237.29   38.88323        3.34  2236.481432  2236.907236  -0.425804   7.624384   9.033092 -1.408708  54.520071      13.5
2021-04-28 04:15:00 2021-04-28 04:15:00  2237.30  2238.62  2232.71  2234.23   55.66615       -3.07  2235.355716  2236.142311  -0.786595   6.957951   8.618064 -1.660113  45.552175    -149.0
2021-04-28 04:20:00 2021-04-28 04:20:00  2233.63  2236.24  2232.52  2234.31   44.07134        0.68  2234.832858  2235.618794  -0.785936   6.362906   8.167032 -1.804127  45.831705    -424.5
2021-04-28 04:25:00 2021-04-28 04:25:00  2234.31  2236.76  2223.93  2225.74  119.71780       -8.57  2230.286429  2232.796281  -2.509852   5.140544   7.561735 -2.421191  27.610049    -350.0
2021-04-28 04:30:00 2021-04-28 04:30:00  2224.95  2230.72  2224.23  2227.31   66.17283        2.36  2228.798214  2231.228772  -2.430558   4.249513   6.899290 -2.649777  33.428535     -27.0
2021-04-28 04:35:00 2021-04-28 04:35:00  2227.44  2227.44  2218.63  2225.20  163.41994       -2.24  2226.999107  2229.506266  -2.507159   3.334665   6.186365 -2.851700  29.592540    -169.5
2021-04-28 04:40:00 2021-04-28 04:40:00  2224.85  2225.85  2222.14  2223.92   15.58954       -0.93  2225.459554  2227.910190  -2.450636   2.477794   5.444651 -2.966857  27.311102    -760.5
2021-04-28 04:45:00 2021-04-28 04:45:00  2223.63  2223.63  2209.91  2209.99   98.01696      -13.64  2217.724777  2222.790136  -5.065359   0.666995   4.489120 -3.822125  13.609191    -892.5
2021-04-28 04:50:00 2021-04-28 04:50:00  2210.28  2213.64  2204.17  2206.07  131.63747       -4.21  2211.897388  2218.012954  -6.115566  -1.072031   3.376890 -4.448920  11.637582    -401.0
2021-04-28 04:55:00 2021-04-28 04:55:00  2207.30  2209.27  2200.35  2201.97   78.22620       -5.33  2206.933694  2213.429253  -6.495559  -2.749364   2.151639 -4.901003   9.847079    -621.5
2021-04-28 05:00:00 2021-04-28 05:00:00  2200.77  2200.86  2188.43  2193.64  293.71536       -7.13  2200.286847  2207.775181  -7.488334  -4.696683   0.781975 -5.478658   7.160957    -197.0
2021-04-28 05:05:00 2021-04-28 05:05:00  2194.43  2200.79  2193.79  2198.03  109.77470        3.60  2199.158424  2204.990843  -5.832420  -5.818638  -0.538148 -5.280490  20.820383     237.5
2021-04-28 05:10:00 2021-04-28 05:10:00  2197.98  2201.77  2196.65  2198.39   78.12392        0.41  2198.774212  2203.104888  -4.330676  -6.602635  -1.751045 -4.851590  21.950418    -342.5
2021-04-28 05:15:00 2021-04-28 05:15:00  2198.60  2199.40  2190.51  2191.18  105.42226       -7.42  2194.977106  2199.697777  -4.720671  -7.716791  -2.944194 -4.772596  16.344335    -541.5
2021-04-28 05:20:00 2021-04-28 05:20:00  2191.17  2191.19  2184.08  2187.56   87.19272       -3.61  2191.268553  2196.229841  -4.961288  -8.790539  -4.113463 -4.677076  14.164722      13.5
2021-04-28 05:25:00 2021-04-28 05:25:00  2187.66  2196.17  2187.66  2191.45   36.99273        3.79  2191.359276  2194.864172  -3.504896  -9.221304  -5.135031 -4.086273  26.759380     168.0
2021-04-28 05:30:00 2021-04-28 05:30:00  2190.00  2190.92  2180.96  2190.92   97.46646        0.92  2191.139638  2193.737266  -2.597628  -9.495992  -6.007223 -3.488768  26.132465      42.0
2021-04-28 05:35:00 2021-04-28 05:35:00  2190.92  2195.82  2182.74  2192.29   88.33084        1.37  2191.714819  2193.323761  -1.608942  -9.493698  -6.704518 -2.789180  31.136791    -371.5
2021-04-28 05:40:00 2021-04-28 05:40:00  2191.80  2192.78  2181.81  2183.49   76.94282       -8.31  2187.602410  2190.514115  -2.911706 -10.085706  -7.380756 -2.704950  20.455150     -33.5
2021-04-28 05:45:00 2021-04-28 05:45:00  2183.49  2196.46  2183.49  2191.62  184.66054        8.13  2189.611205  2190.830082  -1.218877  -9.786045  -7.861814 -1.924231  42.372317     102.5
2021-04-28 05:50:00 2021-04-28 05:50:00  2191.69  2191.69  2183.60  2185.54  109.14438       -6.15  2187.575602  2189.318630  -1.743028  -9.924761  -8.274403 -1.650358  33.972123    -513.5
2021-04-28 05:55:00 2021-04-28 05:55:00  2184.38  2187.82  2180.82  2181.35   87.70566       -3.03  2184.462801  2187.041879  -2.579078 -10.254583  -8.670439 -1.584144  29.187046      57.5
2021-04-28 06:00:00 2021-04-28 06:00:00  2180.97  2193.60  2178.20  2186.69  137.68618        5.72  2185.576401  2186.941342  -1.364941  -9.970147  -8.930381 -1.039766  41.737605     649.0
2021-04-28 06:05:00 2021-04-28 06:05:00  2186.61  2196.09  2186.61  2194.33   94.61010        7.72  2189.953200  2189.052387   0.900813  -9.024220  -8.949149 -0.075071  55.330088     360.0
2021-04-28 06:10:00 2021-04-28 06:10:00  2194.41  2196.06  2191.29  2193.89   37.26405       -0.52  2191.921600  2190.434562   1.487038  -8.215368  -8.802392  0.587024  54.452145     103.5
2021-04-28 06:15:00 2021-04-28 06:15:00  2194.16  2196.40  2190.08  2196.40   65.22480        2.24  2194.160800  2192.138973   2.021827  -7.287802  -8.499474  1.211672  58.914791     255.5
2021-04-28 06:20:00 2021-04-28 06:20:00  2196.46  2200.28  2195.73  2199.00  100.79593        2.54  2196.580400  2194.099266   2.481134  -6.270617  -8.053703  1.783086  63.375255     169.5
2021-04-28 06:25:00 2021-04-28 06:25:00  2199.00  2199.79  2194.43  2199.79   87.54516        0.79  2198.185200  2195.725190   2.460010  -5.339198  -7.510802  2.171604  64.769837    -253.5
2021-04-28 06:30:00 2021-04-28 06:30:00  2199.93  2199.93  2191.74  2193.93   81.43007       -6.00  2196.057600  2195.212279   0.845321  -5.016072  -7.011856  1.995784  48.374008    -407.0
2021-04-28 06:35:00 2021-04-28 06:35:00  2193.76  2193.76  2188.58  2191.65   97.05037       -2.11  2193.853800  2194.194485  -0.340685  -4.887628  -6.587010  1.699383  43.261009     -15.5
2021-04-28 06:40:00 2021-04-28 06:40:00  2192.07  2194.40  2190.79  2193.62   38.17746        1.55  2193.736900  2194.030346  -0.293446  -4.574144  -6.184437  1.610293  48.864966    -201.5
2021-04-28 06:45:00 2021-04-28 06:45:00  2193.16  2193.16  2186.07  2187.62   71.87901       -5.54  2190.678450  2192.198819  -1.520369  -4.755043  -5.898558  1.143515  35.904331    -677.5
2021-04-28 06:50:00 2021-04-28 06:50:00  2187.62  2187.62  2177.57  2180.07  136.09614       -7.55  2185.374225  2188.733442  -3.359217  -5.444864  -5.807819  0.362956  25.636742    -182.5
2021-04-28 06:55:00 2021-04-28 06:55:00  2180.58  2189.63  2179.09  2183.97  103.99509        3.39  2184.672113  2187.372459  -2.700346  -5.612160  -5.768688  0.156527  36.833830     285.0
2021-04-28 07:00:00 2021-04-28 07:00:00  2183.80  2189.19  2181.62  2185.77   50.32447        1.97  2185.221056  2186.914613  -1.693557  -5.535688  -5.722088  0.186400  41.696041    -179.0
2021-04-28 07:05:00 2021-04-28 07:05:00  2185.90  2186.40  2175.63  2180.39  178.02057       -5.51  2182.805528  2185.050438  -2.244910  -5.841862  -5.746042 -0.095819  32.675012     211.5
2021-04-28 07:10:00 2021-04-28 07:10:00  2180.42  2191.19  2180.32  2190.00  152.83692        9.58  2186.402764  2186.464599  -0.061835  -5.248558  -5.646546  0.397987  54.005122     556.0
2021-04-28 07:15:00 2021-04-28 07:15:00  2190.51  2198.24  2190.51  2191.51  128.40598        1.00  2188.956382  2187.906142   1.050240  -4.603451  -5.437927  0.834476  56.597883    -271.0
2021-04-28 07:20:00 2021-04-28 07:20:00  2191.76  2191.87  2184.20  2184.58   61.66778       -7.18  2186.768191  2186.955816  -0.187625  -4.598385  -5.270018  0.671634  43.189680    -308.0
2021-04-28 07:25:00 2021-04-28 07:25:00  2184.00  2187.41  2180.00  2185.35   74.39792        1.35  2186.059096  2186.497011  -0.437916  -4.480587  -5.112132  0.631545  44.929204    -585.0
2021-04-28 07:30:00 2021-04-28 07:30:00  2185.29  2185.29  2170.20  2172.88  220.90287      -12.41  2179.469548  2182.606437  -3.136889  -5.331993  -5.156104 -0.175889  28.167734    -842.5
2021-04-28 07:35:00 2021-04-28 07:35:00  2172.88  2176.10  2167.89  2168.50  103.38833       -4.38  2173.984774  2178.576026  -4.591252  -6.287687  -5.382421 -0.905266  24.340372      56.0
2021-04-28 07:40:00 2021-04-28 07:40:00  2167.89  2176.05  2164.30  2174.00   91.75699        6.11  2173.992387  2177.268590  -3.276203  -6.526049  -5.611147 -0.914903  37.198738     382.0
2021-04-28 07:45:00 2021-04-28 07:45:00  2174.35  2179.12  2167.38  2176.14   97.21932        1.79  2175.066193  2176.946136  -1.879942  -6.467717  -5.782461 -0.685256  41.815734     207.0
2021-04-28 07:50:00 2021-04-28 07:50:00  2176.04  2181.75  2171.22  2178.14  293.57264        2.10  2176.603097  2177.287240  -0.684143  -6.188765  -5.863722 -0.325043  46.247599     -19.0
2021-04-28 07:55:00 2021-04-28 07:55:00  2178.11  2179.52  2173.60  2175.76   97.49761       -2.35  2176.181548  2176.850886  -0.669337  -6.089543  -5.908886 -0.180657  41.710723   -1015.0
2021-04-28 08:00:00 2021-04-28 08:00:00  2176.64  2177.45  2155.15  2157.84  327.62046      -18.80  2167.010774  2171.419204  -4.408430  -7.371924  -6.201493 -1.170431  22.111757   -1236.0
2021-04-28 08:05:00 2021-04-28 08:05:00  2157.35  2160.42  2139.34  2151.04  641.73019       -6.31  2159.025387  2165.596574  -6.571187  -8.835078  -6.728210 -2.106868  18.214531    -458.5
2021-04-28 08:10:00 2021-04-28 08:10:00  2149.81  2157.03  2144.87  2148.67  279.17107       -1.14  2153.847694  2160.760410  -6.912717 -10.069799  -7.396528 -2.673271  16.964035      70.5
2021-04-28 08:15:00 2021-04-28 08:15:00  2149.51  2156.69  2145.01  2152.45  170.98507        2.94  2153.148847  2158.386007  -5.237161 -10.620879  -8.041398 -2.579481  26.607647    -439.0
2021-04-28 08:20:00 2021-04-28 08:20:00  2153.00  2153.37  2134.89  2139.89  395.76012      -13.11  2146.519423  2153.101434  -6.582010 -11.933539  -8.819827 -3.113712  18.186096    -534.5
2021-04-28 08:25:00 2021-04-28 08:25:00  2139.80  2148.17  2134.24  2141.76  416.65377        1.96  2144.139712  2149.861024  -5.721312 -12.676807  -9.591223 -3.085585  22.564911       5.5
2021-04-28 08:30:00 2021-04-28 08:30:00  2141.77  2146.48  2135.49  2140.00  170.06900       -1.77  2142.069856  2147.043589  -4.973733 -13.255074 -10.323993 -2.931081  21.278659    -138.5
2021-04-28 08:35:00 2021-04-28 08:35:00  2139.40  2140.23  2125.90  2138.99  311.27719       -0.41  2140.529928  2144.742563  -4.212635 -13.637647 -10.986724 -2.650923  20.474939     793.5
2021-04-28 08:40:00 2021-04-28 08:40:00  2139.00  2156.94  2138.53  2155.87  375.73369       16.87  2148.199964  2147.921831   0.278133 -12.435416 -11.276462 -1.158954  54.751499     579.0
2021-04-28 08:45:00 2021-04-28 08:45:00  2156.30  2156.44  2146.86  2150.57  154.48514       -5.73  2149.384982  2148.678451   0.706531 -11.774575 -11.376085 -0.398490  47.102239    -471.0
2021-04-28 08:50:00 2021-04-28 08:50:00  2152.25  2153.04  2144.67  2146.45  211.41410       -5.80  2147.917491  2148.041750  -0.124259 -11.451299 -11.391128 -0.060172  41.671431      10.5
2021-04-28 08:55:00 2021-04-28 08:55:00  2146.27  2152.66  2138.62  2150.78  265.93985        4.51  2149.348745  2148.824107   0.524638 -10.722109 -11.257324  0.535215  49.076261     422.0
2021-04-28 09:00:00 2021-04-28 09:00:00  2150.31  2155.02  2143.50  2154.89  172.44260        4.58  2152.119373  2150.557220   1.562153  -9.700753 -10.946010  1.245256  55.509585     516.5
2021-04-28 09:05:00 2021-04-28 09:05:00  2155.05  2161.97  2152.97  2161.11  266.16450        6.06  2156.614686  2153.572300   3.042387  -8.293814 -10.415571  2.121757  63.812079     804.5
2021-04-28 09:10:00 2021-04-28 09:10:00  2161.10  2171.53  2158.76  2170.98  213.53677        9.88  2163.797343  2158.545928   5.251415  -6.309644  -9.594385  3.284741  73.299844     285.0
2021-04-28 09:15:00 2021-04-28 09:15:00  2171.54  2171.56  2164.05  2166.81  210.11680       -4.73  2165.303672  2160.907092   4.396580  -5.015839  -8.678676  3.662837  64.699753    -135.5
2021-04-28 09:20:00 2021-04-28 09:20:00  2165.83  2169.79  2162.52  2168.27  247.52318        2.44  2166.786836  2163.010780   3.776056  -3.828547  -7.708650  3.880103  66.358111     383.0
2021-04-28 09:25:00 2021-04-28 09:25:00  2167.91  2174.75  2165.73  2174.47  154.58294        6.56  2170.628418  2166.284843   4.343575  -2.360116  -6.638943  4.278828  72.856270     218.0
2021-04-28 09:30:00 2021-04-28 09:30:00  2174.79  2178.54  2170.68  2172.63  101.23961       -2.16  2171.629209  2168.097745   3.531464  -1.329520  -5.577059  4.247539  68.167139     -67.5
2021-04-28 09:35:00 2021-04-28 09:35:00  2171.73  2173.76  2168.72  2173.12  233.47574        1.39  2172.374604  2169.532675   2.841930  -0.467833  -4.555214  4.087380  68.808671      59.5
2021-04-28 09:40:00 2021-04-28 09:40:00  2173.12  2177.85  2173.03  2173.82  251.18499        0.70  2173.097302  2170.757625   2.339677   0.268449  -3.590481  3.858930  69.850292    -271.0
2021-04-28 09:45:00 2021-04-28 09:45:00  2173.70  2174.09  2167.16  2167.70  122.20546       -6.00  2170.398651  2169.884018   0.514633   0.354044  -2.801576  3.155620  51.727296     -68.5
2021-04-28 09:50:00 2021-04-28 09:50:00  2167.46  2172.76  2167.02  2172.45  116.91470        4.99  2171.424326  2170.617156   0.807170   0.795989  -2.082063  2.878052  61.122105      99.0
2021-04-28 09:55:00 2021-04-28 09:55:00  2171.95  2172.50  2166.29  2169.68  101.59274       -2.27  2170.552163  2170.349397   0.202766   0.912202  -1.483210  2.395412  53.795546    -336.5
2021-04-28 10:00:00 2021-04-28 10:00:00  2169.43  2169.69  2161.93  2165.72  124.80555       -3.71  2168.136081  2169.026712  -0.890631   0.676959  -1.051176  1.728135  44.620069     216.0
2021-04-28 10:05:00 2021-04-28 10:05:00  2165.86  2177.24  2164.00  2174.00  198.03605        8.14  2171.068041  2170.447651   0.620389   1.145450  -0.611851  1.757301  61.217330     655.0
2021-04-28 10:10:00 2021-04-28 10:10:00  2173.92  2179.24  2172.80  2178.82   99.02614        4.90  2174.944020  2172.839751   2.104269   1.883949  -0.112691  1.996640  67.931095     120.5
2021-04-28 10:15:00 2021-04-28 10:15:00  2179.63  2179.73  2176.00  2176.41  100.59787       -3.22  2175.677010  2173.859822   1.817188   2.248825   0.359612  1.889213  61.539175    -126.5
2021-04-28 10:20:00 2021-04-28 10:20:00  2176.36  2178.00  2175.38  2176.29  174.35637       -0.07  2175.983505  2174.554159   1.429346   2.499496   0.787589  1.711907  61.195122     147.0
2021-04-28 10:25:00 2021-04-28 10:25:00  2176.05  2179.94  2175.44  2179.35  138.83241        3.30  2177.666753  2175.924399   1.742353   2.911510   1.212373  1.699136  66.863974    -122.5
2021-04-28 10:30:00 2021-04-28 10:30:00  2179.36  2180.67  2172.99  2173.84  242.35471       -5.52  2175.753376  2175.328856   0.424520   2.761588   1.522216  1.239372  50.821602    -523.5
2021-04-28 10:35:00 2021-04-28 10:35:00  2173.20  2173.20  2166.52  2168.88  166.57653       -4.32  2172.316688  2173.486326  -1.169638   2.216988   1.661170  0.555817  40.361135    -305.0
2021-04-28 10:40:00 2021-04-28 10:40:00  2169.22  2170.07  2165.21  2167.74  118.78291       -1.48  2170.028344  2171.844519  -1.816175   1.674102   1.663757  0.010345  38.192978      93.0
2021-04-28 10:45:00 2021-04-28 10:45:00  2167.60  2173.76  2166.68  2170.74  128.47189        3.14  2170.384172  2171.528942  -1.144770   1.469002   1.624806 -0.155804  47.157168    -292.5
2021-04-28 10:50:00 2021-04-28 10:50:00  2170.74  2170.74  2161.52  2161.89  162.53849       -8.85  2166.137086  2168.774958  -2.637872   0.585587   1.416962 -0.831375  31.159250   -1081.0
2021-04-28 10:55:00 2021-04-28 10:55:00  2161.90  2163.69  2149.12  2149.12  237.55509      -12.78  2157.628543  2163.159256  -5.530713  -1.131910   0.907188 -2.039097  19.628931    -465.5
2021-04-28 11:00:00 2021-04-28 11:00:00  2148.72  2158.23  2147.99  2152.58  177.28463        3.86  2155.104272  2160.136611  -5.032340  -2.188616   0.288027 -2.476643  28.260311     379.5
2021-04-28 11:05:00 2021-04-28 11:05:00  2152.69  2157.52  2152.69  2156.71   85.49406        4.02  2155.907136  2159.157580  -3.250444  -2.662120  -0.302003 -2.360117  37.824631     454.5
2021-04-28 11:10:00 2021-04-28 11:10:00  2156.86  2165.54  2155.60  2161.67   99.34415        4.81  2158.788568  2159.875414  -1.086846  -2.607092  -0.763020 -1.844071  47.845381    -279.5
2021-04-28 11:15:00 2021-04-28 11:15:00  2162.10  2165.14  2150.28  2151.12  112.05829      -10.98  2154.954284  2157.373867  -2.419583  -3.375863  -1.285589 -2.090274  33.899927    -640.0
2021-04-28 11:20:00 2021-04-28 11:20:00  2151.84  2158.11  2148.39  2148.87  148.67021       -2.97  2151.912142  2154.944191  -3.032049  -4.119193  -1.852310 -2.266883  31.546730    -538.5
2021-04-28 11:25:00 2021-04-28 11:25:00  2149.42  2151.01  2140.18  2140.35  114.36301       -9.07  2146.131071  2150.774422  -4.643351  -5.334290  -2.548706 -2.785584  23.982135     504.0
2021-04-28 11:30:00 2021-04-28 11:30:00  2140.40  2160.04  2140.31  2158.95  171.41556       18.55  2152.540535  2153.110301  -0.569766  -4.741738  -2.987312 -1.754426  53.311218     680.0
2021-04-28 11:35:00 2021-04-28 11:35:00  2159.33  2159.33  2149.52  2153.95  176.77637       -5.38  2153.245268  2153.350215  -0.104948  -4.622312  -3.314312 -1.308000  47.410611    -123.0
2021-04-28 11:40:00 2021-04-28 11:40:00  2152.99  2156.50  2151.67  2156.49   89.52474        3.50  2154.867634  2154.247297   0.620337  -4.273447  -3.506139 -0.767308  50.734639     683.5
2021-04-28 11:45:00 2021-04-28 11:45:00  2156.40  2168.80  2156.38  2167.62  143.12305       11.22  2161.243817  2158.068069   3.175748  -3.063557  -3.417623  0.354066  63.023998     484.0
2021-04-28 11:50:00 2021-04-28 11:50:00  2167.43  2170.52  2164.32  2166.17   72.70512       -1.26  2163.706908  2160.382906   3.324002  -2.196394  -3.173377  0.976983  60.658444    -319.0
2021-04-28 11:55:00 2021-04-28 11:55:00  2166.34  2167.67  2160.71  2161.24   80.97768       -5.10  2162.473454  2160.627790   1.845664  -1.885239  -2.915749  1.030510  52.602869    -529.5
2021-04-28 12:00:00 2021-04-28 12:00:00  2160.70  2162.23  2152.34  2155.58  134.88589       -5.12  2159.026727  2159.185565  -0.158837  -2.071483  -2.746896  0.675413  44.467159     814.0
2021-04-28 12:05:00 2021-04-28 12:05:00  2156.59  2177.85  2155.92  2177.52  163.67222       20.93  2168.273364  2164.423975   3.849389  -0.443594  -2.286236  1.842642  67.702727    1197.0
2021-04-28 12:10:00 2021-04-28 12:10:00  2176.75  2179.92  2174.07  2179.52   90.49878        2.77  2173.896682  2168.737125   5.159557   0.996417  -1.629705  2.626122  69.116266    -198.0
2021-04-28 12:15:00 2021-04-28 12:15:00  2179.19  2179.60  2171.40  2173.56   86.69981       -5.63  2173.728341  2170.115089   3.613252   1.637834  -0.976197  2.614031  59.762840    -288.0
2021-04-28 12:20:00 2021-04-28 12:20:00  2173.45  2175.00  2169.14  2173.76   73.28748        0.31  2173.744170  2171.156492   2.587678   2.137658  -0.353426  2.491084  59.980924     -48.0
2021-04-28 12:25:00 2021-04-28 12:25:00  2173.34  2175.99  2172.00  2172.60   80.10349       -0.74  2173.172085  2171.568923   1.603162   2.412361   0.199731  2.212630  57.800524     -59.0
2021-04-28 12:30:00 2021-04-28 12:30:00  2172.59  2175.99  2169.55  2172.58   80.46953       -0.01  2172.876043  2171.857802   1.018240   2.598498   0.679485  1.919014  57.757084     123.5
2021-04-28 12:35:00 2021-04-28 12:35:00  2173.58  2178.00  2173.14  2175.07   55.90354        1.49  2173.973021  2172.775573   1.197448   2.913352   1.126258  1.787094  62.021312     356.0
2021-04-28 12:40:00 2021-04-28 12:40:00  2175.21  2180.70  2174.76  2179.70   48.15194        4.49  2176.836511  2174.753981   2.082530   3.496177   1.600242  1.895935  69.003112     232.5
2021-04-28 12:45:00 2021-04-28 12:45:00  2180.00  2180.55  2175.59  2179.72   69.92421       -0.28  2178.278255  2176.172843   2.105412   3.914559   2.063105  1.851453  69.032621     488.0
2021-04-28 12:50:00 2021-04-28 12:50:00  2178.58  2189.46  2177.40  2189.46  229.45894       10.88  2183.869128  2179.969174   3.899954   4.974720   2.645428  2.329292  80.102663     368.5
2021-04-28 12:55:00 2021-04-28 12:55:00  2189.66  2190.00  2185.28  2187.09  124.91766       -2.57  2185.479564  2182.003696   3.475868   5.559580   3.228258  2.331321  72.531823     694.5
2021-04-28 13:00:00 2021-04-28 13:00:00  2186.95  2203.35  2186.65  2203.35  297.13337       16.40  2194.414782  2188.102640   6.312142   7.251540   4.032915  3.218625  84.552186    1074.5
2021-04-28 13:05:00 2021-04-28 13:05:00  2203.32  2213.06  2203.32  2208.58  297.09011        5.26  2201.497391  2193.953314   7.544077   8.911719   5.008675  3.903043  86.784405     456.0
2021-04-28 13:10:00 2021-04-28 13:10:00  2208.84  2218.72  2204.37  2212.47  209.52422        3.63  2206.983695  2199.243796   7.739900  10.421184   6.091177  4.330007  88.294145     655.0
2021-04-28 13:15:00 2021-04-28 13:15:00  2212.30  2222.74  2212.24  2221.68  355.94252        9.38  2214.331848  2205.654140   8.677708  12.219755   7.316893  4.902862  91.162516      97.0
2021-04-28 13:20:00 2021-04-28 13:20:00  2221.90  2223.69  2214.11  2214.41  246.40121       -7.49  2214.370924  2208.155814   6.215110  12.909692   8.435452  4.474239  73.989124     263.5
2021-04-28 13:25:00 2021-04-28 13:25:00  2213.78  2228.20  2213.32  2226.95  471.25963       13.17  2220.660462  2213.525582   7.134880  14.303463   9.609055  4.694409  81.286167     779.0
2021-04-28 13:30:00 2021-04-28 13:30:00  2226.36  2231.84  2224.21  2229.99  226.52082        3.63  2225.325231  2218.229701   7.095530  15.474955  10.782235  4.692720  82.698187     854.5
2021-04-28 13:35:00 2021-04-28 13:35:00  2229.27  2245.99  2228.50  2244.04  429.71514       14.77  2234.682615  2225.604072   9.078543  17.337234  12.093235  5.244000  87.802463     499.5
2021-04-28 13:40:00 2021-04-28 13:40:00  2244.09  2247.41  2233.08  2239.98  336.37001       -4.11  2237.331308  2229.711480   7.619828  18.274836  13.329555  4.945281  79.653908    -435.5
2021-04-28 13:45:00 2021-04-28 13:45:00  2239.00  2244.54  2235.17  2235.33  211.24689       -3.67  2236.330654  2231.316772   5.013882  18.430223  14.349688  4.080535  70.643319    -362.0
2021-04-28 13:50:00 2021-04-28 13:50:00  2236.43  2238.70  2227.08  2232.74  239.63013       -3.69  2234.535327  2231.723408   2.811919  18.135325  15.106816  3.028509  65.677501     -79.5
2021-04-28 13:55:00 2021-04-28 13:55:00  2232.68  2241.51  2232.02  2233.74  191.82442        1.06  2234.137663  2232.299577   1.838086  17.777381  15.640929  2.136452  66.760084     -87.0
2021-04-28 14:00:00 2021-04-28 14:00:00  2233.48  2238.68  2225.12  2231.00  334.39473       -2.48  2232.568832  2231.928270   0.640562  17.075773  15.927898  1.147876  60.487066     231.5
2021-04-28 14:05:00 2021-04-28 14:05:00  2231.16  2238.92  2231.14  2238.37  123.64512        7.21  2235.469416  2233.768764   1.700652  16.919406  16.126199  0.793206  69.682158    1439.0
2021-04-28 14:10:00 2021-04-28 14:10:00  2239.03  2260.62  2237.45  2259.78  593.34812       20.75  2247.624708  2241.200546   6.424162  18.312002  16.563360  1.748642  83.261242    1310.0
2021-04-28 14:15:00 2021-04-28 14:15:00  2260.29  2266.80  2254.08  2264.57  216.54013        4.28  2256.097354  2247.877533   8.219821  19.576492  17.165986  2.410506  85.057968    -214.5
2021-04-28 14:20:00 2021-04-28 14:20:00  2264.59  2267.33  2252.70  2255.49  337.91112       -9.10  2255.793677  2250.052523   5.741154  19.619764  17.656742  1.963023  68.365293    -625.5
2021-04-28 14:25:00 2021-04-28 14:25:00  2255.18  2257.00  2250.91  2252.06  183.94404       -3.12  2253.926838  2250.626088   3.300750  19.156462  17.956686  1.199776  62.780285    -422.0
2021-04-28 14:30:00 2021-04-28 14:30:00  2251.77  2257.39  2245.07  2247.05  406.45785       -4.72  2250.488419  2249.604349   0.884071  18.175511  18.000451  0.175060  54.916751      93.0
2021-04-28 14:35:00 2021-04-28 14:35:00  2247.69  2256.33  2247.21  2253.92  194.51376        6.23  2252.204210  2250.837392   1.366818  17.747865  17.949934 -0.202069  62.620884     225.5
2021-04-28 14:40:00 2021-04-28 14:40:00  2254.01  2260.25  2251.56  2251.56  209.12065       -2.45  2251.882105  2251.043851   0.838253  17.022298  17.764407 -0.742109  58.499907      -1.0
2021-04-28 14:45:00 2021-04-28 14:45:00  2251.85  2253.99  2248.14  2253.90  112.37970        2.05  2252.891052  2251.859894   1.031159  16.446514  17.500828 -1.054314  61.513435      -6.5
2021-04-28 14:50:00 2021-04-28 14:50:00  2253.76  2261.16  2251.43  2251.43  111.80146       -2.33  2252.160526  2251.737067   0.423459  15.610940  17.122850 -1.511911  56.332069     282.0
2021-04-28 14:55:00 2021-04-28 14:55:00  2251.56  2260.78  2251.28  2259.54  192.54646        7.98  2255.850263  2253.966476   1.883787  15.425336  16.783348 -1.358011  67.213283    -222.0
2021-04-28 15:00:00 2021-04-28 15:00:00  2259.91  2261.80  2246.91  2246.99  133.34414      -12.92  2251.420132  2251.973197  -0.553066  14.102994  16.247277 -2.144283  45.950868    -838.5
2021-04-28 15:05:00 2021-04-28 15:05:00  2246.91  2246.91  2239.05  2242.77  210.75672       -4.14  2247.095066  2249.343712  -2.248647  12.569615  15.511744 -2.942130  40.749371    -947.5
2021-04-28 15:10:00 2021-04-28 15:10:00  2242.07  2244.73  2225.54  2228.04  348.05106      -14.03  2237.567533  2243.256937  -5.689405  10.049963  14.419388 -4.369425  27.642818   -1281.0
2021-04-28 15:15:00 2021-04-28 15:15:00  2228.62  2237.78  2213.76  2217.15  799.67392      -11.47  2227.358766  2235.797812  -8.439046   7.092629  12.954036 -5.861407  21.506106    -316.5
2021-04-28 15:20:00 2021-04-28 15:20:00  2217.08  2227.99  2217.08  2221.71  216.81777        4.63  2224.534383  2231.772723  -7.238340   5.058563  11.374942 -6.316379  29.383423    1043.5
2021-04-28 15:25:00 2021-04-28 15:25:00  2221.71  2239.03  2219.33  2238.02  264.46188       16.31  2231.277192  2233.557659  -2.280468   4.708356  10.041625 -5.333268  50.643237     463.0
2021-04-28 15:30:00 2021-04-28 15:30:00  2238.04  2242.84  2228.13  2230.97  308.11127       -7.07  2231.123596  2232.818328  -1.694732   3.817928   8.796885 -4.978957  43.802974    -412.0
2021-04-28 15:35:00 2021-04-28 15:35:00  2231.00  2235.59  2226.78  2229.78  145.41695       -1.22  2230.451798  2231.950234  -1.498437   2.981862   7.633881 -4.652019  42.636508     350.0
2021-04-28 15:40:00 2021-04-28 15:40:00  2229.51  2238.71  2229.18  2237.97  216.77859        8.46  2234.210899  2233.670167   0.540732   2.946176   6.696340 -3.750164  52.978089     423.0
2021-04-28 15:45:00 2021-04-28 15:45:00  2237.78  2242.32  2231.12  2238.24  240.24947        0.46  2236.225449  2234.975834   1.249616   2.906180   5.938308 -3.032127  53.311075      45.0
2021-04-28 15:50:00 2021-04-28 15:50:00  2237.38  2241.48  2231.12  2238.87  138.39924        1.49  2237.547725  2236.088453   1.459272   2.891983   5.329043 -2.437060  54.218835     381.0
2021-04-28 15:55:00 2021-04-28 15:55:00  2239.43  2250.71  2239.35  2245.86  294.97749        6.43  2241.703862  2238.880323   2.823539   3.405509   4.944336 -1.538827  63.633010     538.5
2021-04-28 16:00:00 2021-04-28 16:00:00  2245.86  2256.68  2244.89  2249.64  473.29076        3.78  2245.671931  2241.954517   3.717414   4.070573   4.769583 -0.699010  67.914545     115.0
2021-04-28 16:05:00 2021-04-28 16:05:00  2248.77  2250.89  2241.54  2248.16  150.06947       -0.61  2246.915966  2243.727512   3.188454   4.427184   4.701104 -0.273919  64.354758     132.0
2021-04-28 16:10:00 2021-04-28 16:10:00  2248.67  2253.22  2246.16  2252.28  108.30962        3.61  2249.597983  2246.171080   3.426903   4.984789   4.757841  0.226948  69.666120    -460.5
2021-04-28 16:15:00 2021-04-28 16:15:00  2252.10  2253.00  2238.93  2238.95  183.26804      -13.15  2244.273991  2244.107914   0.166077   4.301490   4.666571 -0.365080  44.133817      38.0
2021-04-28 16:20:00 2021-04-28 16:20:00  2239.43  2255.55  2239.43  2253.04  125.41087       13.61  2248.656996  2246.659939   1.997057   4.841111   4.701479  0.139632  61.862673     528.5
2021-04-28 16:25:00 2021-04-28 16:25:00  2253.19  2259.36  2246.31  2249.52  244.00977       -3.67  2249.088498  2247.477099   1.611399   4.927924   4.746768  0.181156  56.488579    -156.0
2021-04-28 16:30:00 2021-04-28 16:30:00  2249.11  2252.28  2244.10  2249.92  133.74285        0.81  2249.504249  2248.175071   1.329178   4.971690   4.791752  0.179938  56.997985    -210.0
2021-04-28 16:35:00 2021-04-28 16:35:00  2249.99  2252.00  2245.25  2245.32  182.92702       -4.67  2247.412124  2247.359336   0.052788   4.582370   4.749876 -0.167506  49.070109    -651.0
2021-04-28 16:40:00 2021-04-28 16:40:00  2245.13  2247.82  2231.95  2236.90  349.66584       -8.23  2242.156062  2244.370954  -2.214892   3.553446   4.510590 -0.957144  37.586777      47.5
2021-04-28 16:45:00 2021-04-28 16:45:00  2236.44  2249.68  2236.44  2246.27  193.57551        9.83  2244.213031  2244.913539  -0.700508   3.454278   4.299328 -0.845049  52.447319     618.5
2021-04-28 16:50:00 2021-04-28 16:50:00  2245.80  2249.27  2241.21  2249.27  173.50132        3.47  2246.741516  2246.158242   0.583273   3.576534   4.154769 -0.578235  56.432799    -163.5
2021-04-28 16:55:00 2021-04-28 16:55:00  2249.04  2249.68  2241.54  2243.00  120.76915       -6.04  2244.870758  2245.255887  -0.385129   3.131389   3.950093 -0.818704  46.630961    -754.5
2021-04-28 17:00:00 2021-04-28 17:00:00  2243.23  2251.09  2234.18  2234.18  409.55627       -9.05  2239.525379  2242.091348  -2.565969   2.043354   3.568745 -1.525391  36.058693   -1169.5
2021-04-28 17:05:00 2021-04-28 17:05:00  2232.36  2235.31  2217.54  2219.61  621.46405      -12.75  2229.567689  2235.668106  -6.100416   0.005339   2.856064 -2.850725  24.877773    -867.0
2021-04-28 17:10:00 2021-04-28 17:10:00  2219.94  2224.71  2210.76  2216.84  340.80986       -3.10  2223.203845  2230.288647  -7.084802  -1.812425   1.922366 -3.734791  23.234173      82.5
2021-04-28 17:15:00 2021-04-28 17:15:00  2217.32  2224.71  2203.20  2221.26  517.49257        3.94  2222.231922  2227.709034  -5.477111  -2.863353   0.965222 -3.828575  31.854886     317.0
2021-04-28 17:20:00 2021-04-28 17:20:00  2221.17  2226.86  2217.62  2223.18  295.63695        2.01  2222.705961  2226.415024  -3.709063  -3.500936   0.071991 -3.572927  35.623346    -357.5
2021-04-28 17:25:00 2021-04-28 17:25:00  2223.42  2226.71  2214.11  2214.11  128.65592       -9.31  2218.407981  2222.899303  -4.491322  -4.684103  -0.879228 -3.804875  27.121247      21.0
2021-04-28 17:30:00 2021-04-28 17:30:00  2215.40  2226.00  2215.11  2223.60  128.78702        8.20  2221.003990  2223.099502  -2.095512  -4.800668  -1.663516 -3.137152  43.924839     258.5
2021-04-28 17:35:00 2021-04-28 17:35:00  2223.58  2223.59  2215.79  2219.28  138.68482       -4.30  2220.141995  2222.008216  -1.866221  -5.181901  -2.367193 -2.814708  39.011340     -97.0
2021-04-28 17:40:00 2021-04-28 17:40:00  2218.94  2224.12  2216.79  2221.66  119.88822        2.72  2220.900998  2221.908726  -1.007728  -5.231678  -2.940090 -2.291588  43.211047      63.0
2021-04-28 17:45:00 2021-04-28 17:45:00  2221.72  2221.72  2216.02  2220.54  180.69908       -1.18  2220.720499  2221.517661  -0.797162  -5.300401  -3.412152 -1.888249  41.593641    -127.5
2021-04-28 17:50:00 2021-04-28 17:50:00  2220.72  2221.10  2216.80  2219.11  150.94599       -1.61  2219.915249  2220.829758  -0.914509  -5.407914  -3.811305 -1.596610  39.337676      -8.0
2021-04-28 17:55:00 2021-04-28 17:55:00  2218.42  2221.17  2210.05  2220.38  280.44303        1.96  2220.147625  2220.701256  -0.553631  -5.329210  -4.114886 -1.214324  42.652560     941.0
2021-04-28 18:00:00 2021-04-28 18:00:00  2220.92  2240.95  2220.08  2237.93  412.83622       17.01  2229.038812  2225.623754   3.415058  -3.806814  -4.053271  0.246457  69.914645       2.0
2021-04-28 18:05:00 2021-04-28 18:05:00  2237.52  2237.52  2218.85  2220.42  157.39832      -17.10  2224.729406  2224.136967   0.592439  -3.967481  -4.036113  0.068632  44.555425    -301.0
2021-04-28 18:10:00 2021-04-28 18:10:00  2220.22  2231.97  2211.52  2231.91  170.50362       11.69  2228.319703  2226.357834   1.961869  -3.131565  -3.855204  0.723639  56.873152     552.5
2021-04-28 18:15:00 2021-04-28 18:15:00  2231.68  2241.66  2226.50  2231.47  249.86342       -0.21  2229.894852  2227.818453   2.076399  -2.476058  -3.579374  1.103317  56.298399      32.5
2021-04-28 18:20:00 2021-04-28 18:20:00  2230.84  2237.67  2228.72  2232.56  143.41995        1.72  2231.227426  2229.173180   2.054245  -1.847314  -3.232962  1.385648  57.572992      91.0
2021-04-28 18:25:00 2021-04-28 18:25:00  2232.40  2233.73  2225.99  2233.29  107.76302        0.89  2232.258713  2230.349415   1.909298  -1.275424  -2.841455  1.566031  58.544692     573.5
2021-04-28 18:30:00 2021-04-28 18:30:00  2233.57  2245.12  2232.60  2244.03  202.36385       10.46  2238.144356  2234.258153   3.886203   0.043926  -2.264379  2.308304  70.480685     785.0
2021-04-28 18:35:00 2021-04-28 18:35:00  2244.94  2249.00  2241.85  2248.99   97.78069        4.05  2243.567178  2238.467252   5.099926   1.472773  -1.516948  2.989721  74.542764     616.5
2021-04-28 18:40:00 2021-04-28 18:40:00  2248.90  2257.85  2245.24  2256.36  328.70690        7.46  2249.963589  2243.579466   6.384123   3.163376  -0.580883  3.744260  79.558381     183.0
2021-04-28 18:45:00 2021-04-28 18:45:00  2256.85  2259.47  2252.33  2252.65  170.57445       -4.20  2251.306795  2246.171047   5.135747   4.155919   0.366477  3.789442  71.096812    -318.0
2021-04-28 18:50:00 2021-04-28 18:50:00  2252.71  2255.00  2247.46  2250.00  149.24705       -2.71  2250.653397  2247.265034   3.388364   4.674795   1.228141  3.446655  65.156917     -36.5
2021-04-28 18:55:00 2021-04-28 18:55:00  2250.83  2253.47  2247.30  2251.92  171.51128        1.09  2251.286699  2248.595024   2.691675   5.181211   2.018755  3.162456  67.516463    -483.5
2021-04-28 19:00:00 2021-04-28 19:00:00  2252.15  2253.40  2238.37  2240.33  116.66088      -11.82  2245.808349  2246.233589  -0.425239   4.594371   2.533878  2.060493  45.296613    -216.5
2021-04-28 19:05:00 2021-04-28 19:05:00  2241.00  2248.13  2241.00  2247.59  123.95102        6.59  2246.699175  2246.621135   0.078040   4.661385   2.959379  1.702005  56.145397     444.0
2021-04-28 19:10:00 2021-04-28 19:10:00  2247.63  2255.85  2247.37  2249.21  261.92813        1.58  2247.954587  2247.360811   0.593777   4.789998   3.325503  1.464495  58.356813     327.0
2021-04-28 19:15:00 2021-04-28 19:15:00  2250.03  2255.86  2247.69  2254.13  119.17164        4.10  2251.042294  2249.294865   1.747429   5.228655   3.706133  1.522521  64.821706     267.5
2021-04-28 19:20:00 2021-04-28 19:20:00  2253.26  2256.40  2251.93  2254.56   94.39098        1.30  2252.801147  2250.799189   2.001958   5.547048   4.074316  1.472732  65.385295     329.5
2021-04-28 19:25:00 2021-04-28 19:25:00  2254.00  2261.28  2253.67  2260.72  141.38315        6.72  2256.760573  2253.633706   3.126867   6.224683   4.504390  1.720293  72.859962     325.0
2021-04-28 19:30:00 2021-04-28 19:30:00  2261.26  2264.98  2258.48  2261.06  233.05276       -0.20  2258.910287  2255.755505   3.154782   6.711780   4.945868  1.765912  73.242658     -69.0
2021-04-28 19:35:00 2021-04-28 19:35:00  2260.87  2263.79  2254.24  2259.34  160.08172       -1.53  2259.125143  2256.779646   2.345497   6.879713   5.332637  1.547076  67.467442    -103.0
2021-04-28 19:40:00 2021-04-28 19:40:00  2257.82  2260.00  2255.00  2259.00   91.62671        1.18  2259.062572  2257.414033   1.648539   6.905760   5.647261  1.258499  66.228697    -457.0
2021-04-28 19:45:00 2021-04-28 19:45:00  2258.88  2259.28  2247.13  2250.20  222.70419       -8.68  2254.631286  2255.352881  -0.721595   6.145476   5.746904  0.398571  42.176904    -550.5
2021-04-28 19:50:00 2021-04-28 19:50:00  2249.62  2251.31  2245.30  2247.99  119.76566       -1.63  2251.310643  2253.249200  -1.938558   5.303481   5.658220 -0.354739  38.016252      33.0
2021-04-28 19:55:00 2021-04-28 19:55:00  2248.60  2251.00  2247.46  2250.86   70.77755        2.26  2251.085321  2252.566572  -1.481250   4.812305   5.489037 -0.676731  46.275326     320.0
2021-04-28 20:00:00 2021-04-28 20:00:00  2251.00  2256.65  2248.47  2254.39  446.53298        3.39  2252.737661  2253.087551  -0.349891   4.654236   5.322077 -0.667841  55.104675     408.5
2021-04-28 20:05:00 2021-04-28 20:05:00  2254.48  2260.97  2253.09  2259.03  259.93526        4.55  2255.883830  2254.785394   1.098437   4.847495   5.227160 -0.379665  64.346903     310.0
2021-04-28 20:10:00 2021-04-28 20:10:00  2259.32  2267.65  2256.69  2260.59  294.16618        1.27  2258.236915  2256.443853   1.793062   5.068111   5.195350 -0.127239  67.080978     423.5
2021-04-28 20:15:00 2021-04-28 20:15:00  2260.89  2268.81  2257.98  2267.50  174.08416        6.61  2262.868458  2259.602752   3.265706   5.734427   5.303166  0.431261  76.613581    -160.5
2021-04-28 20:20:00 2021-04-28 20:20:00  2267.49  2268.30  2254.12  2257.38  240.61064      -10.11  2260.124229  2258.967680   1.156549   5.383827   5.319298  0.064529  50.773834    -411.0
2021-04-28 20:25:00 2021-04-28 20:25:00  2257.46  2262.21  2257.23  2259.28   97.50222        1.82  2259.702114  2259.056914   0.645200   5.199353   5.295309 -0.095956  54.250204    -167.0
2021-04-28 20:30:00 2021-04-28 20:30:00  2259.13  2263.02  2254.02  2254.04   86.32302       -5.09  2256.871057  2257.623510  -0.752453   4.577564   5.151760 -0.574196  43.972999    -334.5
2021-04-28 20:35:00 2021-04-28 20:35:00  2254.47  2259.18  2252.42  2252.59  363.24296       -1.88  2254.730529  2256.185364  -1.454836   3.922572   4.905922 -0.983350  41.370547    -210.0
2021-04-28 20:40:00 2021-04-28 20:40:00  2252.53  2253.39  2247.78  2249.84  158.25585       -2.69  2252.285264  2254.372403  -2.087139   3.145327   4.553803 -1.408476  36.459706    -574.0
2021-04-28 20:45:00 2021-04-28 20:45:00  2250.84  2250.84  2237.00  2241.11  194.17756       -9.73  2246.697632  2250.583145  -3.885513   1.804120   4.003867 -2.199747  25.106589     -16.5
2021-04-28 20:50:00 2021-04-28 20:50:00  2241.10  2251.00  2240.92  2249.51  129.67554        8.41  2248.103816  2250.276532  -2.172716   1.402842   3.483662 -2.080819  44.912717     581.0
2021-04-28 20:55:00 2021-04-28 20:55:00  2249.06  2253.08  2244.39  2252.73   88.83404        3.67  2250.416908  2250.977523  -0.560615   1.329330   3.052795 -1.723465  50.887300      16.0
2021-04-28 21:00:00 2021-04-28 21:00:00  2252.48  2255.41  2249.06  2249.83  103.12419       -2.65  2250.123454  2250.649659  -0.526205   1.025247   2.647286 -1.622039  45.548390    -150.0
2021-04-28 21:05:00 2021-04-28 21:05:00  2249.89  2251.91  2245.25  2249.73  151.72269       -0.16  2249.926727  2250.386899  -0.460172   0.767345   2.271298 -1.503953  45.351502     -25.0
2021-04-28 21:10:00 2021-04-28 21:10:00  2249.83  2252.12  2245.02  2249.33  109.72089       -0.50  2249.628364  2250.084928  -0.456565   0.524631   1.921964 -1.397333  44.429654     -45.5
2021-04-28 21:15:00 2021-04-28 21:15:00  2249.10  2250.20  2245.57  2248.82  115.93052       -0.28  2249.224182  2249.723520  -0.499338   0.287808   1.595133 -1.307325  43.089572     223.0
2021-04-28 21:20:00 2021-04-28 21:20:00  2249.13  2254.99  2247.82  2253.79  185.37630        4.66  2251.507091  2250.885372   0.621719   0.495450   1.375196 -0.879746  57.928785     999.5
2021-04-28 21:25:00 2021-04-28 21:25:00  2254.32  2269.00  2251.50  2268.81  221.47818       14.49  2260.158545  2256.006694   4.151851   1.850663   1.470290  0.380374  78.376379     413.5
2021-04-28 21:30:00 2021-04-28 21:30:00  2268.02  2268.35  2260.88  2262.06  251.44389       -5.96  2261.109273  2257.736210   3.373063   2.352888   1.646810  0.706079  62.099820    -387.5
2021-04-28 21:35:00 2021-04-28 21:35:00  2263.11  2266.81  2260.83  2261.06  157.95793       -2.05  2261.084636  2258.685864   2.398772   2.639784   1.845404  0.794380  59.888762    -146.5
2021-04-28 21:40:00 2021-04-28 21:40:00  2260.71  2262.52  2256.10  2259.13  145.49290       -1.58  2260.107318  2258.812760   1.294558   2.680516   2.012427  0.668090  55.326486    -252.0
2021-04-28 21:45:00 2021-04-28 21:45:00  2259.06  2259.28  2251.72  2256.02  132.46513       -3.04  2258.063659  2258.014829   0.048830   2.433791   2.096700  0.337091  48.222955    -416.5
2021-04-28 21:50:00 2021-04-28 21:50:00  2256.06  2256.21  2250.16  2250.80   71.36667       -5.26  2254.431830  2255.953449  -1.521620   1.796342   2.036628 -0.240286  38.314685     346.0
2021-04-28 21:55:00 2021-04-28 21:55:00  2250.81  2268.79  2250.31  2262.94  187.37914       12.13  2258.685915  2257.949606   0.736308   2.244878   2.078278  0.166600  60.795412    1214.0
