                                   Date     Open     High      Low    Close     Volume  Close-Open         Ema3         Ema6  Ema3-Ema6       Macd     Signal  Momentum        Rsi  Gradient
Date                                                                                                                                                                                        
2021-04-15 02:35:00 2021-04-15 02:35:00  2021.58  2027.75  2020.78  2027.75   77.27005        6.17  2027.750000  2027.750000   0.000000   0.000000   0.000000  0.000000  44.225272    -117.0
2021-04-15 02:40:00 2021-04-15 02:40:00  2027.75  2029.95  2026.58  2026.58   97.42802       -1.17  2027.165000  2027.415714  -0.250714  -0.093333  -0.018667 -0.074667  44.225272    -318.0
2021-04-15 02:45:00 2021-04-15 02:45:00  2026.53  2026.53  2021.39  2021.39   89.99914       -5.14  2024.277500  2025.694082  -1.416582  -0.579411  -0.130816 -0.448596  44.225272     -80.0
2021-04-15 02:50:00 2021-04-15 02:50:00  2021.58  2025.43  2018.38  2024.98   72.71078        3.40  2024.628750  2025.490058  -0.861308  -0.667257  -0.238104 -0.429153  44.225272     153.5
2021-04-15 02:55:00 2021-04-15 02:55:00  2024.98  2030.10  2023.65  2024.46  124.61098       -0.52  2024.544375  2025.195756  -0.651381  -0.769959  -0.344475 -0.425484  44.225272     568.0
2021-04-15 03:00:00 2021-04-15 03:00:00  2024.05  2036.97  2023.11  2036.34  150.93247       12.29  2030.442187  2028.379826   2.062362   0.106043  -0.254371  0.360414  44.225272     246.5
2021-04-15 03:05:00 2021-04-15 03:05:00  2036.35  2036.46  2028.59  2029.39  107.95481       -6.96  2029.916094  2028.668447   1.247647   0.236745  -0.156148  0.392893  35.710988    -631.5
2021-04-15 03:10:00 2021-04-15 03:10:00  2029.26  2029.95  2023.71  2023.71  103.96466       -5.55  2026.813047  2027.251748  -0.438701  -0.116656  -0.148250  0.031593  30.039302    -386.0
2021-04-15 03:15:00 2021-04-15 03:15:00  2023.81  2025.30  2019.34  2021.67  143.63029       -2.14  2024.241523  2025.656963  -1.415439  -0.554944  -0.229588 -0.325355  28.114841    -228.0
2021-04-15 03:20:00 2021-04-15 03:20:00  2021.68  2024.44  2015.84  2019.15  115.79777       -2.53  2021.695762  2023.797831  -2.102069  -1.093032  -0.402277 -0.690755  25.676437    -394.0
2021-04-15 03:25:00 2021-04-15 03:25:00  2019.05  2020.05  2011.35  2013.79  109.60015       -5.26  2017.742881  2020.938450  -3.195570  -1.929734  -0.707769 -1.221966  21.022682     234.0
2021-04-15 03:30:00 2021-04-15 03:30:00  2013.85  2023.83  2013.85  2023.83   58.79467        9.98  2020.786440  2021.764607  -0.978167  -1.762367  -0.918688 -0.843679  43.884165     676.0
2021-04-15 03:35:00 2021-04-15 03:35:00  2023.82  2027.57  2021.06  2027.31   65.81055        3.49  2024.048220  2023.349005   0.699215  -1.333548  -1.001660 -0.331888  49.914493     277.0
2021-04-15 03:40:00 2021-04-15 03:40:00  2027.26  2031.65  2026.68  2029.37  112.01988        2.11  2026.709110  2025.069289   1.639821  -0.818051  -0.964938  0.146888  53.466626     456.0
2021-04-15 03:45:00 2021-04-15 03:45:00  2028.81  2037.33  2028.04  2036.43  169.51409        7.62  2031.569555  2028.315207   3.254348   0.158342  -0.740282  0.898624  63.974332     186.0
2021-04-15 03:50:00 2021-04-15 03:50:00  2036.04  2039.63  2031.93  2033.09  102.17968       -2.95  2032.329778  2029.679433   2.650344   0.655079  -0.461210  1.116289  56.705100    -375.5
2021-04-15 03:55:00 2021-04-15 03:55:00  2032.91  2033.54  2028.15  2028.92   72.66436       -3.99  2030.624889  2029.462452   1.162436   0.704145  -0.228139  0.932284  48.456088    -400.5
2021-04-15 04:00:00 2021-04-15 04:00:00  2028.37  2033.18  2025.08  2025.08  107.06219       -3.29  2027.852444  2028.210323  -0.357879   0.428239  -0.096863  0.525102  41.745429    -244.0
2021-04-15 04:05:00 2021-04-15 04:05:00  2024.98  2025.92  2022.09  2024.04   99.88446       -0.94  2025.946222  2027.018802  -1.072580   0.124229  -0.052645  0.176874  39.947432     405.5
2021-04-15 04:10:00 2021-04-15 04:10:00  2024.08  2033.19  2021.74  2033.19  121.00002        9.11  2029.568111  2028.782002   0.786109   0.614544   0.080793  0.533751  58.718963     979.5
2021-04-15 04:15:00 2021-04-15 04:15:00  2033.37  2043.63  2033.37  2043.63  127.16798       10.26  2036.599056  2033.024287   3.574769   1.824511   0.429536  1.394974  71.091412     400.5
2021-04-15 04:20:00 2021-04-15 04:20:00  2043.63  2044.45  2040.42  2041.20   70.06442       -2.43  2038.899528  2035.360205   3.539323   2.557852   0.855200  1.702653  65.599861     417.5
2021-04-15 04:25:00 2021-04-15 04:25:00  2041.44  2051.98  2040.57  2051.98  208.82510       10.54  2045.439764  2040.108718   5.331046   3.963201   1.476800  2.486401  75.623787    1263.0
2021-04-15 04:30:00 2021-04-15 04:30:00  2051.98  2067.86  2051.98  2066.46  319.16442       14.48  2055.949882  2047.637656   8.312226   6.174193   2.416278  3.757915  83.414012     557.5
2021-04-15 04:35:00 2021-04-15 04:35:00  2066.65  2067.55  2059.71  2063.13  189.16481       -3.52  2059.539941  2052.064040   7.475901   7.570449   3.447113  4.123337  76.653599      53.0
2021-04-15 04:40:00 2021-04-15 04:40:00  2063.43  2069.43  2063.43  2067.52   95.26412        4.09  2063.529970  2056.480028   7.049942   8.928309   4.543352  4.384957  79.306763      87.0
2021-04-15 04:45:00 2021-04-15 04:45:00  2068.35  2071.81  2064.69  2064.87  263.17118       -3.48  2064.199985  2058.877163   5.322822   9.679016   5.570485  4.108531  73.274764      29.0
2021-04-15 04:50:00 2021-04-15 04:50:00  2065.09  2068.11  2063.43  2068.10   94.79610        3.01  2066.149993  2061.512259   4.637733  10.414538   6.539296  3.875243  75.950233     294.5
2021-04-15 04:55:00 2021-04-15 04:55:00  2068.10  2073.90  2066.89  2070.76  194.73633        2.66  2068.454996  2064.154471   4.300525  11.084312   7.448299  3.636013  78.115335     178.5
2021-04-15 05:00:00 2021-04-15 05:00:00  2071.37  2073.14  2068.88  2071.67  120.41184        0.30  2070.062498  2066.301765   3.760733  11.555339   8.269707  3.285632  78.895322     -82.0
2021-04-15 05:05:00 2021-04-15 05:05:00  2071.64  2073.15  2061.83  2069.12  254.36570       -2.52  2069.591249  2067.106975   2.484274  11.589274   8.933620  2.655653  70.451870     -77.0
2021-04-15 05:10:00 2021-04-15 05:10:00  2069.14  2071.05  2067.66  2070.13   80.28048        0.99  2069.860625  2067.970696   1.889928  11.564359   9.459768  2.104591  71.882126      44.0
2021-04-15 05:15:00 2021-04-15 05:15:00  2070.50  2071.46  2069.02  2070.00   99.62500       -0.50  2069.930312  2068.550497   1.379815  11.402681   9.848351  1.554330  71.348701    -128.0
2021-04-15 05:20:00 2021-04-15 05:20:00  2069.80  2070.76  2066.31  2067.57  113.19595       -2.23  2068.750156  2068.270355   0.479801  10.952219  10.069124  0.883095  61.167139    -189.5
2021-04-15 05:25:00 2021-04-15 05:25:00  2067.55  2070.00  2064.15  2066.21  196.16726       -1.34  2067.480078  2067.681682  -0.201604  10.365991  10.128498  0.237494  55.817633    -304.5
2021-04-15 05:30:00 2021-04-15 05:30:00  2066.28  2068.83  2060.37  2061.48  163.88151       -4.80  2064.480039  2065.909773  -1.429734   9.411243   9.985047 -0.573804  40.891885    -445.0
2021-04-15 05:35:00 2021-04-15 05:35:00  2061.49  2061.49  2054.15  2057.31  134.22492       -4.18  2060.895020  2063.452695  -2.557676   8.223321   9.632701 -1.409381  31.874765     -27.0
2021-04-15 05:40:00 2021-04-15 05:40:00  2057.49  2063.82  2057.31  2060.94  107.53728        3.45  2060.917510  2062.734782  -1.817272   7.488472   9.203856 -1.715384  44.629250     -57.5
2021-04-15 05:45:00 2021-04-15 05:45:00  2060.57  2060.78  2055.82  2056.16   92.08553       -4.41  2058.538755  2060.856273  -2.317518   6.446087   8.652302 -2.206215  34.440392    -477.0
2021-04-15 05:50:00 2021-04-15 05:50:00  2056.03  2056.32  2049.94  2051.40  140.23281       -4.63  2054.969377  2058.154481  -3.185103   5.176228   7.957087 -2.780859  27.058470    -317.5
2021-04-15 05:55:00 2021-04-15 05:55:00  2050.83  2055.89  2049.81  2049.81  113.66782       -1.02  2052.389689  2055.770343  -3.380655   3.995499   7.164769 -3.169271  24.917651     154.5
2021-04-15 06:00:00 2021-04-15 06:00:00  2049.82  2055.50  2049.82  2054.49  128.74516        4.67  2053.439844  2055.404531  -1.964687   3.398226   6.411461 -3.013234  41.316774     137.0
2021-04-15 06:05:00 2021-04-15 06:05:00  2054.35  2054.44  2051.83  2052.55  121.93650       -1.80  2052.994922  2054.588951  -1.594029   2.736794   5.676527 -2.939733  37.267727      -7.0
2021-04-15 06:10:00 2021-04-15 06:10:00  2052.75  2054.62  2052.31  2054.35   54.30590        1.60  2053.672461  2054.520679  -0.848218   2.330979   5.007418 -2.676439  43.439266    -201.5
2021-04-15 06:15:00 2021-04-15 06:15:00  2054.16  2054.16  2047.54  2048.52  145.56486       -5.64  2051.096231  2052.806199  -1.709969   1.521398   4.310214 -2.788816  31.423844    -324.0
2021-04-15 06:20:00 2021-04-15 06:20:00  2048.80  2051.90  2047.58  2047.87   77.43515       -0.93  2049.483115  2051.395857  -1.912741   0.817920   3.611755 -2.793835  30.302444      32.0
2021-04-15 06:25:00 2021-04-15 06:25:00  2047.81  2051.37  2047.80  2049.16  111.70937        1.35  2049.321558  2050.757040  -1.435483   0.360348   2.961474 -2.601126  35.761922     181.5
2021-04-15 06:30:00 2021-04-15 06:30:00  2049.16  2053.28  2049.07  2051.50   72.18102        2.34  2050.410779  2050.969315  -0.558536   0.184411   2.406061 -2.221650  45.119418     431.5
2021-04-15 06:35:00 2021-04-15 06:35:00  2051.55  2057.79  2051.49  2057.79   92.47303        6.24  2054.100389  2052.918082   1.182308   0.546234   2.034096 -1.487862  62.663118     288.0
2021-04-15 06:40:00 2021-04-15 06:40:00  2057.85  2061.45  2056.59  2057.26  143.38202       -0.59  2055.680195  2054.158630   1.521565   0.781209   1.783518 -1.002309  60.701089     154.0
2021-04-15 06:45:00 2021-04-15 06:45:00  2057.35  2061.74  2057.35  2060.87  123.34351        3.52  2058.275097  2056.076164   2.198933   1.244381   1.675691 -0.431310  68.709091     537.0
2021-04-15 06:50:00 2021-04-15 06:50:00  2060.87  2068.88  2060.63  2068.00  147.60331        7.13  2063.137549  2059.482974   3.654574   2.161859   1.772925  0.388935  78.899633     209.5
2021-04-15 06:55:00 2021-04-15 06:55:00  2068.05  2071.16  2062.58  2065.06  300.00827       -2.99  2064.098774  2061.076410   3.022364   2.621514   1.942643  0.678872  67.949826     113.5
2021-04-15 07:00:00 2021-04-15 07:00:00  2065.15  2073.24  2065.15  2070.27  170.75431        5.12  2067.184387  2063.703150   3.481237   3.367381   2.227590  1.139791  75.253182     -33.5
2021-04-15 07:05:00 2021-04-15 07:05:00  2070.24  2070.38  2061.82  2064.39  164.07026       -5.85  2065.787194  2063.899393   1.887801   3.444315   2.470935  0.973380  57.506103      -4.0
2021-04-15 07:10:00 2021-04-15 07:10:00  2064.39  2070.39  2064.39  2070.19  116.68488        5.80  2067.988597  2065.696709   2.291887   3.928017   2.762352  1.165666  66.779521     294.5
2021-04-15 07:15:00 2021-04-15 07:15:00  2070.17  2072.33  2066.88  2070.28  213.44705        0.11  2069.134298  2067.006221   2.128077   4.269402   3.063762  1.205640  66.913968    -185.5
2021-04-15 07:20:00 2021-04-15 07:20:00  2070.70  2072.29  2066.31  2066.48  154.43016       -4.22  2067.807149  2066.855872   0.951277   4.185081   3.288025  0.897055  55.527735    -329.5
2021-04-15 07:25:00 2021-04-15 07:25:00  2066.43  2068.65  2061.99  2063.69  208.08875       -2.74  2065.748575  2065.951337  -0.202763   3.848760   3.400172  0.448587  48.288265    -278.5
2021-04-15 07:30:00 2021-04-15 07:30:00  2063.68  2065.59  2060.16  2060.91  182.42985       -2.77  2063.329287  2064.510955  -1.181668   3.319633   3.384064 -0.064431  41.775825      15.0
2021-04-15 07:35:00 2021-04-15 07:35:00  2060.82  2065.27  2060.73  2063.99  191.08037        3.17  2063.659644  2064.362111  -0.702467   3.112943   3.329840 -0.216897  50.628346      59.0
2021-04-15 07:40:00 2021-04-15 07:40:00  2064.12  2066.17  2061.45  2062.09  191.40892       -2.03  2062.874822  2063.712936  -0.838114   2.763964   3.216665 -0.452701  45.506557    -156.0
2021-04-15 07:45:00 2021-04-15 07:45:00  2062.23  2066.88  2059.00  2060.87  220.76579       -1.36  2061.872411  2062.900669  -1.028258   2.361728   3.045678 -0.683950  42.215837     -41.0
2021-04-15 07:50:00 2021-04-15 07:50:00  2060.91  2062.17  2055.39  2061.27  219.62710        0.36  2061.571205  2062.434763  -0.863558   2.051580   2.846858 -0.795278  43.814377     -21.0
2021-04-15 07:55:00 2021-04-15 07:55:00  2061.19  2061.71  2058.26  2060.45  162.84217       -0.74  2061.010603  2061.867688  -0.857085   1.719793   2.621445 -0.901652  41.022647     174.0
2021-04-15 08:00:00 2021-04-15 08:00:00  2060.55  2064.82  2060.01  2064.75  276.62826        4.20  2062.880301  2062.691206   0.189096   1.783268   2.453810 -0.670542  57.901953     497.5
2021-04-15 08:05:00 2021-04-15 08:05:00  2064.75  2070.40  2063.80  2070.40  238.47188        5.65  2066.640151  2064.893718   1.746432   2.263389   2.415725 -0.152337  70.992148     260.0
2021-04-15 08:10:00 2021-04-15 08:10:00  2070.42  2070.82  2065.18  2069.95  230.94904       -0.47  2068.295075  2066.338370   1.956705   2.577861   2.448152  0.129708  68.943246    -196.5
2021-04-15 08:15:00 2021-04-15 08:15:00  2069.96  2070.99  2064.58  2066.47  251.80114       -3.49  2067.382538  2066.375979   1.006559   2.517258   2.461974  0.055284  54.378945    -641.0
2021-04-15 08:20:00 2021-04-15 08:20:00  2066.27  2067.03  2057.13  2057.13  294.27717       -9.14  2062.256269  2063.734271  -1.478002   1.696019   2.308783 -0.612764  32.361243     118.0
2021-04-15 08:25:00 2021-04-15 08:25:00  2057.10  2069.34  2055.59  2068.83  315.43924       11.73  2065.543134  2065.190193   0.352941   1.966604   2.240347 -0.273743  57.952867     404.5
2021-04-15 08:30:00 2021-04-15 08:30:00  2068.83  2069.72  2062.53  2065.22  217.57186       -3.61  2065.381567  2065.198709   0.182858   1.868212   2.165920 -0.297708  50.831868    -135.0
2021-04-15 08:35:00 2021-04-15 08:35:00  2065.23  2068.02  2063.65  2066.13  158.54858        0.90  2065.755784  2065.464792   0.290991   1.842426   2.101221 -0.258795  52.593907    -113.5
2021-04-15 08:40:00 2021-04-15 08:40:00  2066.13  2067.39  2062.49  2062.95  144.30163       -3.18  2064.352892  2064.746280  -0.393389   1.547552   1.990487 -0.442935  45.722733    -144.5
2021-04-15 08:45:00 2021-04-15 08:45:00  2063.00  2066.31  2062.02  2063.24  185.98651        0.24  2063.796446  2064.315915  -0.519469   1.322024   1.856795 -0.534771  46.487801     134.0
2021-04-15 08:50:00 2021-04-15 08:50:00  2063.45  2065.95  2062.07  2065.63  112.66878        2.18  2064.713223  2064.691368   0.021855   1.320917   1.749619 -0.428702  53.034768      68.0
2021-04-15 08:55:00 2021-04-15 08:55:00  2065.75  2069.49  2063.98  2064.60  258.81757       -1.15  2064.656611  2064.665263  -0.008651   1.222832   1.644262 -0.421430  49.878859      16.5
2021-04-15 09:00:00 2021-04-15 09:00:00  2064.35  2072.35  2064.30  2065.96  290.63767        1.61  2065.308306  2065.035188   0.273118   1.240539   1.563517 -0.322978  54.197398     662.0
2021-04-15 09:05:00 2021-04-15 09:05:00  2065.95  2079.21  2065.95  2077.84  250.83419       11.89  2071.574153  2068.693705   2.880448   2.187967   1.688407  0.499560  75.933656       7.0
2021-04-15 09:10:00 2021-04-15 09:10:00  2077.83  2079.21  2065.05  2066.10  263.24801      -11.73  2068.837076  2067.952647   0.884430   1.968796   1.744485  0.224311  48.589281   -1053.5
2021-04-15 09:15:00 2021-04-15 09:15:00  2066.20  2067.75  2054.26  2056.77  541.08142       -9.43  2062.803538  2064.757605  -1.954067   1.030371   1.601662 -0.571292  36.168285    -942.5
2021-04-15 09:20:00 2021-04-15 09:20:00  2056.53  2059.76  2045.04  2047.25  425.78116       -9.28  2055.026769  2059.755432  -4.728663  -0.476035   1.186123 -1.662158  27.546172     -84.5
2021-04-15 09:25:00 2021-04-15 09:25:00  2047.53  2058.09  2046.98  2055.08  389.21552        7.55  2055.053385  2058.419594  -3.366210  -1.026227   0.743653 -1.769880  41.346407     162.5
2021-04-15 09:30:00 2021-04-15 09:30:00  2055.08  2058.03  2050.50  2050.50  162.83455       -4.58  2052.776692  2056.156853  -3.380161  -1.810951   0.232732 -2.043683  36.470536    -556.5
2021-04-15 09:35:00 2021-04-15 09:35:00  2050.47  2053.00  2039.55  2043.95  522.01003       -6.52  2048.363346  2052.669181  -4.305835  -2.927632  -0.399341 -2.528291  30.331908    -154.0
2021-04-15 09:40:00 2021-04-15 09:40:00  2043.95  2050.79  2043.01  2047.42  294.90061        3.47  2047.891673  2051.169415  -3.277742  -3.492353  -1.017943 -2.474409  37.066068     -71.0
2021-04-15 09:45:00 2021-04-15 09:45:00  2047.42  2050.02  2042.52  2042.53  206.69533       -4.89  2045.210837  2048.701011  -3.490174  -4.285084  -1.671371 -2.613713  31.858495    -579.0
2021-04-15 09:50:00 2021-04-15 09:50:00  2042.64  2045.56  2033.15  2035.84  246.55911       -6.80  2040.525418  2045.026436  -4.501018  -5.391012  -2.415300 -2.975713  25.887491    -296.0
2021-04-15 09:55:00 2021-04-15 09:55:00  2035.84  2038.77  2032.12  2036.61  289.32462        0.77  2038.567709  2042.621740  -4.054031  -6.134619  -3.159164 -2.975456  27.757571     412.5
2021-04-15 10:00:00 2021-04-15 10:00:00  2036.62  2044.09  2036.62  2044.09  248.01521        7.47  2041.328855  2043.041243  -1.712388  -6.050612  -3.737453 -2.313159  44.177468    -166.5
2021-04-15 10:05:00 2021-04-15 10:05:00  2044.15  2044.53  2033.28  2033.28  225.45524      -10.87  2037.304427  2040.252316  -2.947889  -6.778178  -4.345598 -2.432580  31.687292    -293.5
2021-04-15 10:10:00 2021-04-15 10:10:00  2033.24  2038.22  2033.20  2038.22  288.52530        4.98  2037.762214  2039.671655  -1.909441  -6.876890  -4.851857 -2.025034  40.856965     516.0
2021-04-15 10:15:00 2021-04-15 10:15:00  2038.22  2044.20  2036.14  2043.60  282.43197        5.38  2040.681107  2040.794039  -0.112932  -6.446686  -5.170823 -1.275863  49.683657     183.5
2021-04-15 10:20:00 2021-04-15 10:20:00  2043.60  2046.98  2041.13  2041.89  201.56048       -1.71  2041.285553  2041.107171   0.178383  -6.172575  -5.371173 -0.801402  47.007821      20.0
2021-04-15 10:25:00 2021-04-15 10:25:00  2042.27  2045.06  2041.50  2044.00  152.68349        1.73  2042.642777  2041.933693   0.709083  -5.719154  -5.440769 -0.278385  50.921664     407.0
2021-04-15 10:30:00 2021-04-15 10:30:00  2044.00  2053.19  2044.00  2050.03  200.86465        6.03  2046.336388  2044.246924   2.089465  -4.817708  -5.316157  0.498449  60.840212     360.5
2021-04-15 10:35:00 2021-04-15 10:35:00  2050.03  2051.21  2047.77  2051.21  137.15297        1.18  2048.773194  2046.236374   2.536820  -3.962413  -5.045408  1.082995  62.614434    -162.0
2021-04-15 10:40:00 2021-04-15 10:40:00  2051.21  2051.33  2045.34  2046.79  228.05783       -4.42  2047.781597  2046.394553   1.387044  -3.599748  -4.756276  1.156528  52.020367    -195.5
2021-04-15 10:45:00 2021-04-15 10:45:00  2047.05  2049.11  2043.51  2047.30  122.40319        0.25  2047.540799  2046.653252   0.887546  -3.233901  -4.451801  1.217900  53.118658    -126.0
2021-04-15 10:50:00 2021-04-15 10:50:00  2047.23  2047.23  2041.40  2044.27  180.33250       -2.96  2045.905399  2045.972323  -0.066924  -3.152126  -4.191866  1.039741  45.666059     -23.5
2021-04-15 10:55:00 2021-04-15 10:55:00  2044.02  2049.04  2043.50  2046.83   99.31810        2.81  2046.367700  2046.217374   0.150326  -2.847918  -3.923076  1.075159  52.432354     517.0
2021-04-15 11:00:00 2021-04-15 11:00:00  2046.83  2054.61  2046.83  2054.61  126.67759        7.78  2050.488850  2048.615267   1.873583  -1.956497  -3.529761  1.573264  67.288380     206.0
2021-04-15 11:05:00 2021-04-15 11:05:00  2054.56  2055.72  2050.37  2050.95  158.07366       -3.61  2050.719425  2049.282333   1.437091  -1.527760  -3.129360  1.601601  57.202995    -460.5
2021-04-15 11:10:00 2021-04-15 11:10:00  2050.95  2054.19  2045.40  2045.40  169.04491       -5.55  2048.059712  2048.173095  -0.113383  -1.617179  -2.826924  1.209745  44.944833    -647.5
2021-04-15 11:15:00 2021-04-15 11:15:00  2045.40  2047.82  2038.00  2038.00  189.65126       -7.40  2043.029856  2045.266497  -2.236640  -2.259121  -2.713364  0.454242  33.469294    -199.5
2021-04-15 11:20:00 2021-04-15 11:20:00  2038.00  2041.60  2034.61  2041.41  285.89864        3.41  2042.219928  2044.164640  -1.944712  -2.464299  -2.663551  0.199251  41.700477     -48.5
2021-04-15 11:25:00 2021-04-15 11:25:00  2041.38  2043.81  2037.03  2037.03  223.77029       -4.35  2039.624964  2042.126172  -2.501208  -2.946370  -2.720115 -0.226255  35.021940    -284.5
2021-04-15 11:30:00 2021-04-15 11:30:00  2037.04  2037.25  2029.11  2035.72  364.29874       -1.32  2037.672482  2040.295837  -2.623355  -3.394985  -2.855089 -0.539897  33.118292     -97.0
2021-04-15 11:35:00 2021-04-15 11:35:00  2035.61  2039.03  2034.20  2035.09   97.04664       -0.52  2036.381241  2038.808455  -2.427214  -3.758032  -3.035677 -0.722354  32.111011      -1.0
2021-04-15 11:40:00 2021-04-15 11:40:00  2035.09  2035.70  2030.90  2035.70  179.52821        0.61  2036.040621  2037.920325  -1.879704  -3.950982  -3.218738 -0.732244  34.428247    -454.5
2021-04-15 11:45:00 2021-04-15 11:45:00  2035.71  2035.90  2022.69  2026.00  386.75255       -9.71  2031.020310  2034.514518  -3.494208  -4.830918  -3.541174 -1.289744  20.848931    -476.0
2021-04-15 11:50:00 2021-04-15 11:50:00  2025.92  2027.31  2022.28  2026.18  213.24166        0.26  2028.600155  2032.133227  -3.533072  -5.450914  -3.923122 -1.527792  21.538066    -317.0
2021-04-15 11:55:00 2021-04-15 11:55:00  2026.18  2030.36  2017.41  2019.66  237.60510       -6.52  2024.130078  2028.569448  -4.439370  -6.394661  -4.417430 -1.977231  15.624892    -279.5
2021-04-15 12:00:00 2021-04-15 12:00:00  2019.66  2027.89  2019.66  2020.59  441.94043        0.93  2022.360039  2026.289606  -3.929567  -6.987003  -4.931345 -2.055658  19.411944    -207.5
2021-04-15 12:05:00 2021-04-15 12:05:00  2020.59  2025.89  2014.61  2015.51  255.27231       -5.08  2018.935019  2023.209718  -4.274699  -7.776706  -5.500417 -2.276289  14.999135     123.5
2021-04-15 12:10:00 2021-04-15 12:10:00  2015.43  2023.30  2013.93  2023.06  400.22928        7.63  2020.997510  2023.166942  -2.169432  -7.704517  -5.941237 -1.763280  39.519459     734.5
2021-04-15 12:15:00 2021-04-15 12:15:00  2022.99  2030.20  2021.45  2030.20  280.34684        7.21  2025.598755  2025.176387   0.422368  -6.990585  -6.151107 -0.839479  54.435718     228.0
2021-04-15 12:20:00 2021-04-15 12:20:00  2030.20  2031.22  2027.00  2027.62  278.53658       -2.58  2026.609377  2025.874562   0.734815  -6.557384  -6.232362 -0.325022  49.176681     -19.5
2021-04-15 12:25:00 2021-04-15 12:25:00  2027.62  2031.33  2027.62  2029.81  119.68121        2.19  2028.209689  2026.998973   1.210716  -5.968553  -6.179600  0.211048  53.729994     287.0
2021-04-15 12:30:00 2021-04-15 12:30:00  2029.97  2033.60  2029.05  2033.36  130.94578        3.39  2030.784844  2028.816409   1.968435  -5.156009  -5.974882  0.818873  60.596889     149.0
2021-04-15 12:35:00 2021-04-15 12:35:00  2033.36  2034.36  2031.16  2032.79  132.13048       -0.57  2031.787422  2029.951721   1.835701  -4.506113  -5.681128  1.175015  58.912297     153.5
2021-04-15 12:40:00 2021-04-15 12:40:00  2032.79  2040.01  2032.50  2036.43  162.77991        3.64  2034.108711  2031.802658   2.306053  -3.655212  -5.275945  1.620732  66.128195     231.0
2021-04-15 12:45:00 2021-04-15 12:45:00  2036.56  2037.80  2032.76  2037.41  102.79909        0.85  2035.759356  2033.404756   2.354600  -2.868721  -4.794500  1.925779  67.946869      10.0
2021-04-15 12:50:00 2021-04-15 12:50:00  2037.40  2038.56  2033.53  2036.63   72.33561       -0.77  2036.194678  2034.326254   1.868424  -2.282055  -4.292011  2.009956  64.632381    -244.5
2021-04-15 12:55:00 2021-04-15 12:55:00  2036.71  2036.72  2030.00  2032.52  103.85756       -4.19  2034.357339  2033.810181   0.547157  -2.124273  -3.858464  1.734191  49.396390      26.5
2021-04-15 13:00:00 2021-04-15 13:00:00  2032.58  2037.16  2028.16  2037.16  177.19765        4.58  2035.758669  2034.767272   0.991397  -1.606304  -3.408032  1.801728  61.645281     514.0
2021-04-15 13:05:00 2021-04-15 13:05:00  2037.20  2043.16  2037.20  2042.80  147.05975        5.60  2039.279335  2037.062337   2.216997  -0.732268  -2.872879  2.140611  71.653505     103.0
2021-04-15 13:10:00 2021-04-15 13:10:00  2043.16  2043.70  2036.55  2039.22  119.95195       -3.94  2039.249667  2037.678812   1.570855  -0.324721  -2.363247  2.038527  59.773148     -71.0
2021-04-15 13:15:00 2021-04-15 13:15:00  2039.44  2042.01  2039.08  2041.38  138.02815        1.94  2040.314834  2038.736295   1.578539   0.170591  -1.856480  2.027070  64.084610       9.5
2021-04-15 13:20:00 2021-04-15 13:20:00  2041.44  2042.94  2037.93  2039.41  232.03591       -2.03  2039.862417  2038.928782   0.933635   0.399560  -1.405272  1.804832  57.356613      23.5
2021-04-15 13:25:00 2021-04-15 13:25:00  2039.45  2041.90  2037.58  2041.85   44.80619        2.40  2040.856208  2039.763416   1.092793   0.769043  -0.970409  1.739452  63.112544      64.0
2021-04-15 13:30:00 2021-04-15 13:30:00  2041.90  2042.00  2040.21  2040.69   65.57579       -1.21  2040.773104  2040.028154   0.744950   0.957224  -0.584882  1.542106  58.600102    -136.5
2021-04-15 13:35:00 2021-04-15 13:35:00  2040.60  2040.97  2038.20  2039.12   72.05640       -1.48  2039.946552  2039.768681   0.177871   0.968509  -0.274204  1.242713  52.503257     -25.5
2021-04-15 13:40:00 2021-04-15 13:40:00  2039.01  2040.29  2035.17  2040.18  133.75929        1.17  2040.063276  2039.886201   0.177075   1.050871  -0.009189  1.060060  56.195678      82.0
2021-04-15 13:45:00 2021-04-15 13:45:00  2040.10  2041.20  2038.16  2040.76   70.83039        0.66  2040.411638  2040.135858   0.275780   1.149692   0.222587  0.927105  58.323065    -199.0
2021-04-15 13:50:00 2021-04-15 13:50:00  2040.76  2040.88  2036.20  2036.20   63.54780       -4.56  2038.305819  2039.011327  -0.705508   0.850253   0.348120  0.502133  39.996831      30.5
2021-04-15 13:55:00 2021-04-15 13:55:00  2036.16  2041.37  2035.60  2041.37   74.32557        5.21  2039.837910  2039.685234   0.152676   1.018383   0.482173  0.536210  57.966364     274.5
2021-04-15 14:00:00 2021-04-15 14:00:00  2041.40  2042.80  2039.61  2041.69  119.96212        0.29  2040.763955  2040.258024   0.505931   1.164029   0.618544  0.545485  58.880995     -91.0
2021-04-15 14:05:00 2021-04-15 14:05:00  2041.64  2043.50  2039.36  2039.55  137.62597       -2.09  2040.156977  2040.055731   0.101246   1.094162   0.713668  0.380495  50.127697      96.5
2021-04-15 14:10:00 2021-04-15 14:10:00  2039.41  2044.96  2038.76  2043.62  196.37263        4.21  2041.888489  2041.074094   0.814395   1.351627   0.841260  0.510367  62.761859     627.5
2021-04-15 14:15:00 2021-04-15 14:15:00  2044.08  2052.10  2043.83  2052.10  126.40907        8.02  2046.994244  2044.224353   2.769892   2.214408   1.115889  1.098519  77.201899     295.0
2021-04-15 14:20:00 2021-04-15 14:20:00  2052.10  2053.28  2048.20  2049.52  148.38835       -2.58  2048.257122  2045.737395   2.519727   2.659329   1.424577  1.234751  67.627552    -180.0
2021-04-15 14:25:00 2021-04-15 14:25:00  2049.57  2050.44  2047.21  2048.50  125.17802       -1.07  2048.378561  2046.526711   1.851850   2.896240   1.718910  1.177330  63.869715     308.0
2021-04-15 14:30:00 2021-04-15 14:30:00  2048.40  2055.96  2048.40  2055.68  101.98864        7.28  2052.029281  2049.141936   2.887344   3.621612   2.099450  1.522162  75.411117     615.0
2021-04-15 14:40:00 2021-04-15 14:40:00  2060.70  2060.80  2060.70  2060.80    0.21960        0.10  2056.414640  2052.472812   3.941829   4.557085   2.590977  1.966108  80.689562     446.0
2021-04-15 14:45:00 2021-04-15 14:45:00  2063.90  2064.60  2063.90  2064.60    2.41554        0.70  2060.507320  2055.937723   4.569598   5.541206   3.181023  2.360183  83.788934      57.5
2021-04-15 14:50:00 2021-04-15 14:50:00  2061.98  2061.98  2061.95  2061.95    0.24175       -0.03  2061.228660  2057.655516   3.573144   6.037698   3.752358  2.285340  73.867419      38.5
2021-04-15 14:55:00 2021-04-15 14:55:00  2066.22  2066.22  2065.26  2065.37    8.86708       -0.85  2063.299330  2059.859654   3.439676   6.630702   4.328027  2.302675  77.917006      34.5
2021-04-15 15:00:00 2021-04-15 15:00:00  2062.66  2062.79  2062.54  2062.64    1.31619       -0.02  2062.969665  2060.654039   2.315626   6.801965   4.822814  1.979151  67.846047    -140.0
2021-04-15 15:05:00 2021-04-15 15:05:00  2062.57  2062.57  2062.57  2062.57    0.53130        0.00  2062.769833  2061.201456   1.568376   6.853046   5.228861  1.624185  67.577293    -443.5
2021-04-15 15:10:00 2021-04-15 15:10:00  2053.56  2053.77  2053.35  2053.77    1.21611        0.21  2058.269916  2059.078183  -0.808267   6.112975   5.405684  0.707292  42.299741    -384.0
2021-04-15 15:15:00 2021-04-15 15:15:00  2054.87  2055.04  2054.84  2054.89    0.48419        0.02  2056.579958  2057.881559  -1.301601   5.552829   5.435113  0.117716  45.417919     434.0
2021-04-15 15:20:00 2021-04-15 15:20:00  2061.56  2062.45  2061.56  2062.45    4.91648        0.89  2059.514979  2059.186828   0.328151   5.653765   5.478843  0.174921  62.035980      43.0
2021-04-15 15:25:00 2021-04-15 15:25:00  2055.75  2055.75  2055.75  2055.75    0.02382        0.00  2057.632490  2058.204877  -0.572388   5.133942   5.409863 -0.275921  46.862374     277.0
2021-04-15 15:35:00 2021-04-15 15:35:00  2067.62  2068.00  2067.62  2067.99    0.40721        0.37  2062.811245  2061.000627   1.810618   5.644577   5.456806  0.187771  65.409868     303.0
2021-04-15 15:45:00 2021-04-15 15:45:00  2061.81  2061.81  2061.81  2061.81    0.09763        0.00  2062.310622  2061.231876   1.078746   5.487331   5.462911  0.024420  53.991657    -219.0
2021-04-15 15:55:00 2021-04-15 15:55:00  2064.13  2064.13  2063.61  2063.61    1.69246       -0.52  2062.960311  2061.911340   1.048971   5.445188   5.459366 -0.014178  56.637330     -25.0
2021-04-15 16:00:00 2021-04-15 16:00:00  2061.35  2061.35  2061.31  2061.31    0.04748       -0.04  2062.135156  2061.739529   0.395627   5.166640   5.400821 -0.234181  52.048089    -566.5
2021-04-15 16:05:00 2021-04-15 16:05:00  2052.28  2052.45  2052.27  2052.28    1.94766        0.00  2057.207578  2059.036806  -1.829228   4.169185   5.154494 -0.985309  37.668234    -164.5
2021-04-15 16:10:00 2021-04-15 16:10:00  2058.05  2058.06  2058.02  2058.02    0.41240       -0.03  2057.613789  2058.746290  -1.132501   3.798082   4.883211 -1.085130  48.517797     355.0
2021-04-15 16:15:00 2021-04-15 16:15:00  2059.57  2059.57  2059.38  2059.38    2.07671       -0.19  2058.496894  2058.927350  -0.430456   3.572539   4.621077 -1.048538  50.945470     192.5
2021-04-15 16:25:00 2021-04-15 16:25:00  2061.84  2061.87  2061.84  2061.87    0.03619        0.03  2060.183447  2059.768107   0.415340   3.553751   4.407612 -0.853861  55.550588     -88.5
2021-04-15 16:30:00 2021-04-15 16:30:00  2057.71  2057.75  2057.50  2057.61    1.59707       -0.10  2058.896724  2059.151505  -0.254782   3.158703   4.157830 -0.999127  46.574253     103.5
2021-04-15 16:35:00 2021-04-15 16:35:00  2063.94  2063.94  2063.94  2063.94    0.01612        0.00  2061.418362  2060.519647   0.898715   3.318154   3.989895 -0.671741  58.524510     633.0
