                                   Date     Open     High      Low    Close     Volume         Ema3         Ema6  Ema3-Ema6       Macd    Signal  Momentum        Rsi  Gradient
Date                                                                                                                                                                           
2021-03-09 00:00:00 2021-03-09 00:00:00  1509.47  1512.65  1507.47  1512.62   67.78721  1510.458101  1508.868283   1.589817   2.678589  3.126445 -0.447856  63.178805     427.0
2021-03-09 00:05:00 2021-03-09 00:05:00  1512.69  1518.00  1512.43  1518.00  164.52685  1514.229050  1511.477345   2.751705   3.285641  3.158285  0.127357  71.859550     289.5
2021-03-09 00:10:00 2021-03-09 00:10:00  1517.99  1518.41  1514.41  1518.41   77.77012  1516.319525  1513.458104   2.861421   3.756516  3.277931  0.478585  72.453445     568.0
2021-03-09 00:15:00 2021-03-09 00:15:00  1518.41  1529.36  1518.32  1529.36  296.74791  1522.839763  1518.001503   4.838260   4.956129  3.613570  1.342559  83.567818     391.5
2021-03-09 00:20:00 2021-03-09 00:20:00  1529.36  1531.50  1522.69  1526.24  155.90357  1524.539881  1520.355359   4.184522   5.590628  4.008982  1.581646  73.436799      70.0
2021-03-09 00:25:00 2021-03-09 00:25:00  1526.84  1530.82  1526.04  1530.76   82.23402  1527.649941  1523.328114   4.321827   6.384602  4.484106  1.900496  78.060642     474.5
2021-03-09 00:30:00 2021-03-09 00:30:00  1530.52  1538.56  1530.21  1535.73  321.20460  1531.689970  1526.871510   4.818461   7.330369  5.053359  2.277011  82.158472     461.0
2021-03-09 00:35:00 2021-03-09 00:35:00  1535.34  1540.00  1533.82  1539.98  160.13638  1535.834985  1530.616793   5.218193   8.326849  5.708057  2.618793  85.028073     479.5
2021-03-09 00:40:00 2021-03-09 00:40:00  1539.98  1545.49  1536.73  1545.32  127.30923  1540.577493  1534.817709   5.759784   9.438658  6.454177  2.984481  87.950220     323.5
2021-03-09 00:45:00 2021-03-09 00:45:00  1545.49  1549.90  1544.87  1546.45  275.61155  1543.513746  1538.141221   5.372526  10.292312  7.221804  3.070508  88.519223     168.5
2021-03-09 00:50:00 2021-03-09 00:50:00  1546.05  1548.69  1543.73  1548.69  166.95559  1546.101873  1541.155158   4.946715  11.022527  7.981949  3.040579  89.678599     -46.5
2021-03-09 00:55:00 2021-03-09 00:55:00  1548.13  1553.18  1542.00  1545.52  281.92259  1545.810937  1542.402255   3.408681  11.216143  8.628788  2.587356  76.550709     108.5
2021-03-09 01:00:00 2021-03-09 01:00:00  1545.97  1554.24  1545.97  1550.86  106.66734  1548.335468  1544.818754   3.516714  11.666000  9.236230  2.429770  81.905247    -194.5
2021-03-09 01:05:00 2021-03-09 01:05:00  1550.27  1552.74  1537.88  1541.63  167.31029  1544.982734  1543.907681   1.075053  11.149210  9.618826  1.530384  55.580820    -455.0
2021-03-09 01:10:00 2021-03-09 01:10:00  1541.51  1542.11  1538.15  1541.76  143.15410  1543.371367  1543.294058   0.077309  10.627631  9.820587  0.807044  55.820807    -235.5
2021-03-09 01:15:00 2021-03-09 01:15:00  1541.77  1542.59  1535.78  1536.92   72.77253  1540.145684  1541.472899  -1.327215   9.711777  9.798825 -0.087048  44.966750    -838.0
2021-03-09 01:20:00 2021-03-09 01:20:00  1536.89  1536.89  1524.55  1525.00  281.85193  1532.572842  1536.766356  -4.193514   7.932669  9.425594 -1.492925  28.556550    -452.5
2021-03-09 01:25:00 2021-03-09 01:25:00  1525.56  1531.22  1525.11  1527.87   96.94920  1530.221421  1534.224540  -4.003119   6.677326  8.875940 -2.198614  35.371084     317.0
2021-03-09 01:30:00 2021-03-09 01:30:00  1527.72  1533.08  1525.09  1531.34   66.76340  1530.780710  1533.400386  -2.619675   5.894510  8.279654 -2.385144  43.227755     298.0
2021-03-09 01:35:00 2021-03-09 01:35:00  1530.74  1534.42  1530.15  1533.83   77.37297  1532.305355  1533.523133  -1.217777   5.412651  7.706254 -2.293603  48.607510     168.5
2021-03-09 01:40:00 2021-03-09 01:40:00  1534.07  1537.97  1533.43  1534.71   60.50453  1533.507678  1533.862238  -0.354560   5.043642  7.173731 -2.130089  50.593052      50.5
2021-03-09 01:45:00 2021-03-09 01:45:00  1534.41  1535.62  1530.32  1534.84   78.66596  1534.173839  1534.141598   0.032240   4.707426  6.680470 -1.973044  50.929134    -117.5
2021-03-09 01:50:00 2021-03-09 01:50:00  1534.61  1536.59  1530.29  1532.36   63.88915  1533.266919  1533.632570  -0.365651   4.192529  6.182882 -1.990353  44.066988    -161.5
2021-03-09 01:55:00 2021-03-09 01:55:00  1532.02  1533.84  1528.92  1531.61   43.85051  1532.438460  1533.054693  -0.616233   3.681511  5.682608 -2.001096  42.012683     294.0
2021-03-09 02:00:00 2021-03-09 02:00:00  1531.79  1541.85  1530.82  1538.24   95.32529  1535.339230  1534.536209   0.803021   3.768076  5.299702 -1.531625  61.200075     203.0
2021-03-09 02:05:00 2021-03-09 02:05:00  1537.88  1539.19  1535.65  1535.67   45.49366  1535.504615  1534.860150   0.644465   3.587942  4.957350 -1.369407  53.036854      17.5
2021-03-09 02:10:00 2021-03-09 02:10:00  1535.59  1538.83  1535.59  1538.59   63.66068  1537.047307  1535.925821   1.121486   3.638858  4.693651 -1.054793  60.263407     362.0
2021-03-09 02:15:00 2021-03-09 02:15:00  1538.76  1545.51  1538.76  1542.91  113.19873  1539.978654  1537.921301   2.057353   3.981896  4.551300 -0.569404  68.789605     643.0
2021-03-09 02:20:00 2021-03-09 02:20:00  1542.91  1551.61  1542.91  1551.45  125.46588  1545.714327  1541.786643   3.927683   4.886534  4.618347  0.268187  79.317205     312.5
2021-03-09 02:25:00 2021-03-09 02:25:00  1551.10  1552.02  1547.04  1549.16   64.08612  1547.437163  1543.893317   3.543847   5.356931  4.766064  0.590867  71.551067     353.0
2021-03-09 02:30:00 2021-03-09 02:30:00  1549.16  1560.57  1549.16  1558.51  198.62500  1552.973582  1548.069512   4.904070   6.410297  5.094911  1.315386  80.774214     487.5
2021-03-09 02:35:00 2021-03-09 02:35:00  1558.67  1566.00  1555.80  1558.91  127.07952  1555.941791  1551.166794   4.774997   7.194441  5.514817  1.679624  81.088959     -59.0
2021-03-09 02:40:00 2021-03-09 02:40:00  1559.84  1561.05  1557.23  1557.33   49.73731  1556.635895  1552.927710   3.708185   7.600770  5.932007  1.668763  75.249706    -230.5
2021-03-09 02:45:00 2021-03-09 02:45:00  1557.57  1560.56  1550.36  1554.30  192.11906  1555.467948  1553.319793   2.148155   7.590792  6.263764  1.327028  64.552393    -213.5
2021-03-09 02:50:00 2021-03-09 02:50:00  1554.38  1557.21  1550.00  1553.06   99.46179  1554.263974  1553.245566   1.018407   7.397552  6.490522  0.907030  60.339940     -21.0
2021-03-09 02:55:00 2021-03-09 02:55:00  1553.86  1554.09  1550.60  1553.88   69.72225  1554.071987  1553.426833   0.645154   7.227264  6.637870  0.589394  62.292584    -153.0
2021-03-09 03:00:00 2021-03-09 03:00:00  1553.99  1556.53  1549.67  1550.00  219.87010  1552.035993  1552.447738  -0.411745   6.701969  6.650690  0.051279  48.682972    -328.0
2021-03-09 03:05:00 2021-03-09 03:05:00  1550.03  1552.04  1546.12  1547.32  105.28757  1549.677997  1550.982670  -1.304673   6.000249  6.520602 -0.520353  41.218692    -159.0
2021-03-09 03:10:00 2021-03-09 03:10:00  1547.24  1548.07  1544.42  1546.82   34.06960  1548.248998  1549.793336  -1.544337   5.342203  6.284922 -0.942719  39.850762      74.5
2021-03-09 03:15:00 2021-03-09 03:15:00  1547.50  1550.65  1546.87  1548.81   38.91960  1548.529499  1549.512383  -0.982883   4.924507  6.012839 -1.088332  48.080148       6.0
2021-03-09 03:20:00 2021-03-09 03:20:00  1548.97  1550.25  1545.74  1546.94   35.38960  1547.734750  1548.777416  -1.042667   4.391958  5.688663 -1.296705  41.653832      40.5
2021-03-09 03:25:00 2021-03-09 03:25:00  1546.92  1551.29  1546.29  1549.62   22.65317  1548.677375  1549.018154  -0.340780   4.138458  5.378622 -1.240164  52.558841     -91.0
2021-03-09 03:30:00 2021-03-09 03:30:00  1550.23  1553.26  1544.62  1545.12   68.74561  1546.898687  1547.904396  -1.005709   3.533710  5.009639 -1.475929  38.180368      21.5
2021-03-09 03:35:00 2021-03-09 03:35:00  1545.02  1551.50  1543.43  1550.05   75.72408  1548.474344  1548.517426  -0.043082   3.412911  4.690294 -1.277383  54.532758     334.0
2021-03-09 03:40:00 2021-03-09 03:40:00  1549.78  1551.84  1546.45  1551.80   68.57881  1550.137172  1549.455304   0.681868   3.418975  4.436030 -1.017055  59.136994    -136.0
2021-03-09 03:45:00 2021-03-09 03:45:00  1552.00  1553.67  1547.28  1547.33   47.00437  1548.733586  1548.848074  -0.114488   3.028183  4.154461 -1.126278  45.129261     -76.0
2021-03-09 03:50:00 2021-03-09 03:50:00  1547.44  1550.28  1546.79  1550.28   45.25692  1549.506793  1549.257196   0.249597   2.922825  3.908133 -0.985309  53.796474     173.5
2021-03-09 03:55:00 2021-03-09 03:55:00  1549.98  1553.00  1548.27  1550.80   69.96060  1550.153396  1549.697997   0.455399   2.848452  3.696197 -0.847745  55.290310     269.0
2021-03-09 04:00:00 2021-03-09 04:00:00  1550.59  1561.74  1550.38  1555.66  199.86186  1552.906698  1551.401427   1.505272   3.145414  3.586041 -0.440626  67.188241     -90.0
2021-03-09 04:05:00 2021-03-09 04:05:00  1555.81  1555.81  1548.84  1549.00   38.35432  1550.953349  1550.715305   0.238044   2.810950  3.431023 -0.620073  46.736012    -359.5
2021-03-09 04:10:00 2021-03-09 04:10:00  1549.63  1552.34  1547.14  1548.47   30.69159  1549.711675  1550.073789  -0.362114   2.474592  3.239736 -0.765144  45.415819     334.5
2021-03-09 04:15:00 2021-03-09 04:15:00  1549.14  1556.53  1549.14  1555.69   67.02434  1552.700837  1551.678421   1.022417   2.758818  3.143553 -0.384735  62.658916     309.5
2021-03-09 04:20:00 2021-03-09 04:20:00  1555.75  1559.82  1554.57  1554.66   61.99669  1553.680419  1552.530301   1.150118   2.867897  3.088422 -0.220524  59.444223      96.0
2021-03-09 04:25:00 2021-03-09 04:25:00  1555.23  1558.61  1554.82  1557.61   20.27236  1555.645209  1553.981643   1.663566   3.156003  3.101938  0.054065  65.523426     347.5
2021-03-09 04:30:00 2021-03-09 04:30:00  1558.23  1564.62  1558.23  1561.61   72.56105  1558.627605  1556.161174   2.466431   3.664850  3.214520  0.450330  72.283502      25.0
2021-03-09 04:35:00 2021-03-09 04:35:00  1562.00  1562.78  1553.91  1558.11   63.38425  1558.368802  1556.717981   1.650821   3.742552  3.320127  0.422425  59.942473    -166.5
2021-03-09 04:40:00 2021-03-09 04:40:00  1559.11  1562.30  1557.34  1558.28   51.78290  1558.324401  1557.164272   1.160129   3.774341  3.410970  0.363371  60.337164     -48.5
2021-03-09 04:45:00 2021-03-09 04:45:00  1558.75  1561.22  1557.14  1557.14   36.99345  1557.732201  1557.157337   0.574863   3.665294  3.461834  0.203459  55.904566    -206.5
2021-03-09 04:50:00 2021-03-09 04:50:00  1556.61  1559.74  1553.89  1554.15   33.08667  1555.941100  1556.298098  -0.356998   3.299570  3.429381 -0.129812  45.405915     -91.5
2021-03-09 04:55:00 2021-03-09 04:55:00  1554.75  1556.18  1551.66  1555.31   27.21159  1555.625550  1556.015784  -0.390234   3.067968  3.357099 -0.289131  49.795253     -24.5
2021-03-09 05:00:00 2021-03-09 05:00:00  1555.31  1556.02  1551.02  1553.66   30.79762  1554.642775  1555.342703  -0.699928   2.719927  3.229664 -0.509738  43.786299    -579.5
2021-03-09 05:05:00 2021-03-09 05:05:00  1554.20  1554.31  1542.48  1543.72   53.85250  1549.181388  1552.021931  -2.840543   1.623314  2.908394 -1.285080  23.385647    -886.0
2021-03-09 05:10:00 2021-03-09 05:10:00  1542.87  1542.87  1535.94  1535.94  101.25873  1542.560694  1547.427093  -4.866400   0.125019  2.351719 -2.226701  16.267111      37.0
2021-03-09 05:15:00 2021-03-09 05:15:00  1535.94  1544.46  1535.28  1544.46   60.79793  1543.510347  1546.579352  -3.069006  -0.370626  1.807250 -2.177876  40.191681     456.0
2021-03-09 05:20:00 2021-03-09 05:20:00  1544.74  1545.06  1541.05  1545.06   38.21584  1544.285173  1546.145252  -1.860078  -0.706865  1.304427 -2.011292  41.601751     311.0
2021-03-09 05:25:00 2021-03-09 05:25:00  1545.11  1550.87  1544.32  1550.68   44.20965  1547.482587  1547.440894   0.041693  -0.513926  0.940757 -1.454682  53.835368      68.5
2021-03-09 05:30:00 2021-03-09 05:30:00  1550.23  1550.23  1545.76  1546.43   29.66610  1546.956293  1547.152067  -0.195774  -0.695937  0.613418 -1.309355  45.235891      53.5
2021-03-09 05:35:00 2021-03-09 05:35:00  1547.07  1551.93  1545.57  1551.75   26.18322  1549.353147  1548.465762   0.887384  -0.406220  0.409490 -0.815710  55.833370     154.5
2021-03-09 05:40:00 2021-03-09 05:40:00  1551.94  1552.88  1549.52  1549.52   45.23194  1549.436573  1548.766973   0.669600  -0.352496  0.257093 -0.609589  50.880755      45.5
2021-03-09 05:45:00 2021-03-09 05:45:00  1549.45  1555.18  1549.45  1552.66   49.10504  1551.048287  1549.879266   1.169020  -0.055903  0.194494 -0.250397  57.283195      20.0
2021-03-09 05:50:00 2021-03-09 05:50:00  1552.50  1552.59  1549.80  1549.92   16.71168  1550.484143  1549.890905   0.593239  -0.041468  0.147301 -0.188770  50.403674    -327.5
2021-03-09 05:55:00 2021-03-09 05:55:00  1550.06  1550.72  1544.89  1546.11   34.65491  1548.297072  1548.810646  -0.513574  -0.333618  0.051117 -0.384736  41.989245      69.0
2021-03-09 06:00:00 2021-03-09 06:00:00  1547.30  1552.10  1547.30  1551.30   38.02818  1549.798536  1549.521890   0.276646  -0.144691  0.011956 -0.156647  54.425914     423.0
2021-03-09 06:05:00 2021-03-09 06:05:00  1551.55  1556.98  1551.25  1554.57   40.14818  1552.184268  1550.964207   1.220061   0.265832  0.062731  0.203101  60.782666     212.5
2021-03-09 06:10:00 2021-03-09 06:10:00  1553.78  1559.12  1553.78  1555.55   63.32410  1553.867134  1552.274434   1.592700   0.662614  0.182707  0.479906  62.655928    -228.5
2021-03-09 06:15:00 2021-03-09 06:15:00  1556.30  1556.55  1550.00  1550.00   59.26402  1551.933567  1551.624596   0.308971   0.523197  0.250805  0.272392  47.301236    -331.0
2021-03-09 06:20:00 2021-03-09 06:20:00  1550.00  1555.74  1547.81  1548.93  115.19762  1550.431783  1550.854711  -0.422928   0.322649  0.265174  0.057475  44.763342     -19.0
2021-03-09 06:25:00 2021-03-09 06:25:00  1548.61  1551.15  1547.02  1549.62   46.82468  1550.025892  1550.501936  -0.476045   0.216890  0.255517 -0.038627  46.965293    -118.0
2021-03-09 06:30:00 2021-03-09 06:30:00  1550.71  1552.40  1545.37  1546.57  104.06322  1548.297946  1549.378526  -1.080580  -0.111746  0.182064 -0.293811  38.767762    -146.5
2021-03-09 06:35:00 2021-03-09 06:35:00  1546.48  1549.57  1546.00  1546.69   35.10941  1547.493973  1548.610376  -1.116403  -0.358379  0.073976 -0.432355  39.268240      22.0
2021-03-09 06:40:00 2021-03-09 06:40:00  1546.21  1549.50  1546.21  1547.01   33.57897  1547.251986  1548.153126  -0.901139  -0.521998 -0.045219 -0.476779  40.816191      21.0
2021-03-09 06:45:00 2021-03-09 06:45:00  1547.93  1549.39  1545.88  1547.11   32.93252  1547.180993  1547.855090  -0.674096  -0.636264 -0.163428 -0.472836  41.376522      -2.5
2021-03-09 06:50:00 2021-03-09 06:50:00  1547.11  1548.03  1545.00  1546.96   52.41448  1547.070497  1547.599350  -0.528853  -0.730503 -0.276843 -0.453660  40.683209     171.0
2021-03-09 06:55:00 2021-03-09 06:55:00  1547.05  1551.54  1546.35  1550.53   65.15440  1548.800248  1548.436678   0.363570  -0.511226 -0.323720 -0.187507  59.881961     346.0
2021-03-09 07:00:00 2021-03-09 07:00:00  1550.37  1554.37  1549.33  1553.88   52.28080  1551.340124  1549.991913   1.348211  -0.066366 -0.272249  0.205883  70.597924      -8.0
2021-03-09 07:05:00 2021-03-09 07:05:00  1554.17  1554.37  1549.08  1550.37   65.08674  1550.855062  1550.099938   0.755124   0.002928 -0.217214  0.220141  52.849006    -266.5
2021-03-09 07:10:00 2021-03-09 07:10:00  1550.45  1551.06  1548.00  1548.55   70.13970  1549.702531  1549.657099   0.045432  -0.088001 -0.191371  0.103370  45.700057      56.0
2021-03-09 07:15:00 2021-03-09 07:15:00  1549.67  1552.19  1549.57  1551.49   89.89077  1550.596266  1550.180785   0.415481   0.076292 -0.137839  0.214130  56.980537     -27.5
2021-03-09 07:20:00 2021-03-09 07:20:00  1551.33  1551.33  1548.00  1548.00   70.09106  1549.298133  1549.557703  -0.259571  -0.074263 -0.125124  0.050860  43.968872    -566.5
2021-03-09 07:25:00 2021-03-09 07:25:00  1547.73  1548.61  1539.22  1540.16  114.08944  1544.729066  1546.872645  -2.143579  -0.816786 -0.263456 -0.553330  27.215684      75.0
2021-03-09 07:30:00 2021-03-09 07:30:00  1540.62  1549.68  1540.16  1549.50   44.76127  1547.114533  1547.623318  -0.508785  -0.644156 -0.339596 -0.304560  52.881522     489.0
2021-03-09 07:35:00 2021-03-09 07:35:00  1549.50  1550.82  1547.03  1549.94   57.17845  1548.527267  1548.285227   0.242039  -0.466463 -0.364969 -0.101494  53.802446    -252.0
2021-03-09 07:40:00 2021-03-09 07:40:00  1549.71  1549.79  1544.33  1544.46   82.21953  1546.493633  1547.192305  -0.698672  -0.759081 -0.443792 -0.315289  41.639320    -315.0
2021-03-09 07:45:00 2021-03-09 07:45:00  1545.11  1547.69  1541.37  1543.64   70.03569  1545.066817  1546.177361  -1.110544  -1.045102 -0.564054 -0.481048  40.014968    -124.5
2021-03-09 07:50:00 2021-03-09 07:50:00  1543.47  1544.30  1541.03  1541.97   78.14497  1543.518408  1544.975258  -1.456849  -1.390502 -0.729343 -0.661159  36.532115     -73.5
2021-03-09 07:55:00 2021-03-09 07:55:00  1542.16  1543.82  1541.55  1542.17   41.55082  1542.844204  1544.173756  -1.329551  -1.629314 -0.909337 -0.719977  37.316199    -598.5
2021-03-09 08:00:00 2021-03-09 08:00:00  1541.90  1544.22  1529.80  1530.00  168.38375  1536.422102  1540.124111  -3.702009  -2.768676 -1.281205 -1.487471  19.618508    -374.5
2021-03-09 08:05:00 2021-03-09 08:05:00  1530.39  1535.54  1529.77  1534.68  100.16553  1535.551051  1538.568651  -3.017600  -3.256453 -1.676255 -1.580199  34.051617     377.0
2021-03-09 08:10:00 2021-03-09 08:10:00  1535.00  1537.89  1531.80  1537.54  120.38394  1536.545526  1538.274751  -1.729225  -3.373356 -2.015675 -1.357681  41.725010     -29.5
2021-03-09 08:15:00 2021-03-09 08:15:00  1537.54  1538.75  1532.23  1534.09  239.36311  1535.317763  1537.079108  -1.761345  -3.701718 -2.352884 -1.348834  35.710342    -220.5
2021-03-09 08:20:00 2021-03-09 08:20:00  1534.25  1535.33  1531.59  1533.13  172.82988  1534.223881  1535.950791  -1.726910  -3.993378 -2.680982 -1.312395  34.070410      15.5
2021-03-09 08:25:00 2021-03-09 08:25:00  1533.12  1534.69  1530.28  1534.40  170.23099  1534.311941  1535.507708  -1.195767  -4.075067 -2.959799 -1.115267  38.550281     -42.0
2021-03-09 08:30:00 2021-03-09 08:30:00  1534.40  1534.40  1530.11  1532.29   77.16712  1533.300970  1534.588363  -1.287392  -4.260948 -3.220029 -1.040919  33.950928    -113.5
2021-03-09 08:35:00 2021-03-09 08:35:00  1531.75  1533.01  1529.07  1532.13  113.43875  1532.715485  1533.885973  -1.170488  -4.370787 -3.450181 -0.920606  33.586300      32.0
2021-03-09 08:40:00 2021-03-09 08:40:00  1532.41  1533.60  1526.81  1532.93  118.71075  1532.822743  1533.612838  -0.790096  -4.343216 -3.628788 -0.714428  37.606860     393.5
2021-03-09 08:45:00 2021-03-09 08:45:00  1532.93  1541.58  1532.72  1540.00  162.60420  1536.411371  1535.437742   0.973630  -3.708131 -3.644656 -0.063475  62.001899     -24.0
2021-03-09 08:50:00 2021-03-09 08:50:00  1540.00  1540.64  1532.45  1532.45  136.52755  1534.430686  1534.584101  -0.153415  -3.770578 -3.669841 -0.100738  41.305927    -687.5
2021-03-09 08:55:00 2021-03-09 08:55:00  1532.20  1533.47  1524.47  1526.25  184.44341  1530.340343  1532.202929  -1.862587  -4.271122 -3.790097 -0.481025  31.082035     -68.5
2021-03-09 09:00:00 2021-03-09 09:00:00  1526.50  1533.51  1524.01  1531.08  225.24397  1530.710171  1531.882092  -1.171921  -4.229312 -3.877940 -0.351372  44.032285     -52.0
2021-03-09 09:05:00 2021-03-09 09:05:00  1531.58  1532.04  1525.01  1525.21  202.92534  1527.960086  1529.975780  -2.015695  -4.616621 -4.025676 -0.590945  34.561080     -33.0
2021-03-09 09:10:00 2021-03-09 09:10:00  1525.00  1531.12  1524.91  1530.42  162.82181  1529.190043  1530.102700  -0.912657  -4.451844 -4.110910 -0.340934  46.758436     278.0
2021-03-09 09:15:00 2021-03-09 09:15:00  1530.29  1533.33  1527.93  1530.77  111.98888  1529.980021  1530.293357  -0.313336  -4.244092 -4.137546 -0.106546  47.546596     376.5
2021-03-09 09:20:00 2021-03-09 09:20:00  1531.10  1538.49  1531.10  1537.95  190.78657  1533.965011  1532.480969   1.484041  -3.460194 -4.002076  0.541882  61.556250     185.5
2021-03-09 09:25:00 2021-03-09 09:25:00  1538.03  1540.05  1534.48  1534.48  182.31505  1534.222505  1533.052121   1.170384  -3.083405 -3.818341  0.734936  53.300257     -48.5
2021-03-09 09:30:00 2021-03-09 09:30:00  1534.49  1541.39  1531.33  1536.98  345.52182  1535.601253  1534.174372   1.426880  -2.553632 -3.565400  1.011768  58.152659     139.0
2021-03-09 09:35:00 2021-03-09 09:35:00  1537.12  1539.43  1535.83  1537.26   94.39007  1536.430626  1535.055980   1.374646  -2.087130 -3.269746  1.182616  58.729009      89.0
2021-03-09 09:40:00 2021-03-09 09:40:00  1537.82  1539.82  1537.00  1538.76   90.13204  1537.595313  1536.114272   1.481042  -1.578194 -2.931435  1.353242  62.085876     120.0
2021-03-09 09:45:00 2021-03-09 09:45:00  1538.69  1541.73  1538.34  1539.66  214.64092  1538.627657  1537.127337   1.500320  -1.089675 -2.563083  1.473408  64.183396      63.0
2021-03-09 09:50:00 2021-03-09 09:50:00  1539.67  1542.04  1539.45  1540.02  161.91979  1539.323828  1537.953812   1.370016  -0.665796 -2.183626  1.517830  65.109903     220.5
2021-03-09 09:55:00 2021-03-09 09:55:00  1540.01  1546.61  1539.43  1544.07  239.79465  1541.696914  1539.701294   1.995620  -0.003033 -1.747507  1.744474  74.140523     152.0
2021-03-09 10:00:00 2021-03-09 10:00:00  1544.21  1545.42  1542.07  1543.06  177.57717  1542.378457  1540.660924   1.717533   0.435691 -1.310867  1.746558  68.810630     -37.5
2021-03-09 10:05:00 2021-03-09 10:05:00  1543.05  1545.00  1542.27  1543.32  108.66831  1542.849229  1541.420660   1.428568   0.795196 -0.889655  1.684851  69.488214     -94.0
2021-03-09 10:10:00 2021-03-09 10:10:00  1543.18  1543.75  1540.69  1541.18  198.54603  1542.014614  1541.351900   0.662714   0.897085 -0.532307  1.429392  57.211966    -225.0
2021-03-09 10:15:00 2021-03-09 10:15:00  1541.19  1542.04  1536.37  1538.82  186.39243  1540.417307  1540.628500  -0.211193   0.778427 -0.270160  1.048587  46.370748     -91.0
2021-03-09 10:20:00 2021-03-09 10:20:00  1538.63  1539.84  1537.55  1539.36  140.64703  1539.888654  1540.266072  -0.377418   0.719668 -0.072194  0.791862  49.023079     118.0
2021-03-09 10:25:00 2021-03-09 10:25:00  1539.20  1541.49  1538.00  1541.18  451.36708  1540.534327  1540.527194   0.007133   0.810615  0.104367  0.706248  57.520129     382.0
2021-03-09 10:30:00 2021-03-09 10:30:00  1541.04  1548.69  1540.31  1547.00  190.77886  1543.767163  1542.376567   1.390596   1.336906  0.350875  0.986031  74.091761     276.5
2021-03-09 10:35:00 2021-03-09 10:35:00  1547.51  1548.64  1544.00  1546.71  443.96191  1545.238582  1543.614691   1.623891   1.710872  0.622875  1.087998  72.402898     -79.0
2021-03-09 10:40:00 2021-03-09 10:40:00  1546.75  1547.10  1544.48  1545.42  130.78316  1545.329291  1544.130493   1.198797   1.881463  0.874592  1.006871  64.548974    -377.0
2021-03-09 10:45:00 2021-03-09 10:45:00  1545.42  1545.42  1539.17  1539.17  199.93131  1542.249645  1542.713210  -0.463564   1.495100  0.998694  0.496406  39.584323    -398.0
2021-03-09 10:50:00 2021-03-09 10:50:00  1539.17  1541.81  1535.85  1537.46  206.47660  1539.854823  1541.212293  -1.357470   1.038946  1.006744  0.032202  35.124262     -10.5
2021-03-09 10:55:00 2021-03-09 10:55:00  1537.53  1541.70  1536.78  1538.96  100.63775  1539.407411  1540.568780  -1.161369   0.789378  0.963271 -0.173893  42.002868     190.0
2021-03-09 11:00:00 2021-03-09 11:00:00  1538.99  1542.00  1538.38  1541.26   90.51307  1540.333706  1540.766272  -0.432566   0.768328  0.924282 -0.155955  51.470507     164.0
2021-03-09 11:05:00 2021-03-09 11:05:00  1541.28  1543.00  1537.50  1542.24  110.26186  1541.286853  1541.187337   0.099516   0.821256  0.903677 -0.082421  55.209070       6.5
2021-03-09 11:10:00 2021-03-09 11:10:00  1542.24  1542.82  1539.72  1541.39  126.91097  1541.338426  1541.245241   0.093186   0.785559  0.880054 -0.094494  51.110930    -281.5
2021-03-09 11:15:00 2021-03-09 11:15:00  1541.39  1541.65  1536.61  1536.61  128.30216  1538.974213  1539.920886  -0.946673   0.367328  0.777509 -0.410180  34.053113    -239.0
2021-03-09 11:20:00 2021-03-09 11:20:00  1536.91  1538.89  1536.07  1536.61  200.99205  1537.792107  1538.974919  -1.182812   0.035469  0.629101 -0.593632  34.053113       7.0
2021-03-09 11:25:00 2021-03-09 11:25:00  1536.73  1538.70  1536.38  1536.75  169.04665  1537.271053  1538.339228  -1.068174  -0.213771  0.460526 -0.674298  34.968482    -100.0
2021-03-09 11:30:00 2021-03-09 11:30:00  1536.76  1538.42  1534.61  1534.61  157.04456  1535.940527  1537.273734  -1.333207  -0.577321  0.252957 -0.830278  27.872079    -176.0
2021-03-09 11:35:00 2021-03-09 11:35:00  1535.54  1535.64  1527.83  1533.23  210.43715  1534.585263  1536.118381  -1.533118  -0.965660  0.009233 -0.974893  24.089140    -136.5
2021-03-09 11:40:00 2021-03-09 11:40:00  1532.95  1533.32  1530.17  1531.88   86.04313  1533.232632  1534.907415  -1.674784  -1.366601 -0.265934 -1.100668  20.778513      30.5
2021-03-09 11:45:00 2021-03-09 11:45:00  1532.21  1534.12  1531.03  1533.84  118.55150  1533.536316  1534.602440  -1.066124  -1.508802 -0.514507 -0.994295  36.082721     240.5
2021-03-09 11:50:00 2021-03-09 11:50:00  1533.71  1536.69  1533.10  1536.69  124.33860  1535.113158  1535.198885  -0.085727  -1.375669 -0.686740 -0.688929  52.196506      57.0
2021-03-09 11:55:00 2021-03-09 11:55:00  1536.69  1537.16  1533.65  1534.98   73.96075  1535.046579  1535.136347  -0.089768  -1.392095 -0.827811 -0.564284  44.177619      -2.0
2021-03-09 12:00:00 2021-03-09 12:00:00  1534.64  1536.87  1530.01  1536.65  129.07708  1535.848289  1535.568819   0.279470  -1.255880 -0.913425 -0.342456  52.694588     248.0
2021-03-09 12:05:00 2021-03-09 12:05:00  1536.84  1541.10  1536.62  1539.94   86.55253  1537.894145  1536.817728   1.076417  -0.872398 -0.905219  0.032822  65.234317     -14.0
2021-03-09 12:10:00 2021-03-09 12:10:00  1540.32  1540.32  1535.02  1536.37  116.02310  1537.132072  1536.689806   0.442267  -0.846793 -0.893534  0.046741  48.495283    -148.5
2021-03-09 12:15:00 2021-03-09 12:15:00  1536.47  1538.48  1535.66  1536.97   65.13741  1537.051036  1536.769861   0.281175  -0.769218 -0.868671  0.099452  51.029552     -97.5
2021-03-09 12:20:00 2021-03-09 12:20:00  1536.80  1538.82  1533.77  1534.42   96.77260  1535.735518  1536.098472  -0.362954  -0.903094 -0.875555 -0.027538  40.792854    -195.5
2021-03-09 12:25:00 2021-03-09 12:25:00  1534.32  1534.36  1530.00  1533.06   89.54714  1534.397759  1535.230337  -0.832578  -1.106180 -0.921680 -0.184500  36.151502    -279.5
2021-03-09 12:30:00 2021-03-09 12:30:00  1533.15  1533.17  1527.39  1528.83  118.19518  1531.613880  1533.401670  -1.787790  -1.590123 -1.055369 -0.534754  25.375500      47.0
2021-03-09 12:35:00 2021-03-09 12:35:00  1528.85  1535.19  1528.08  1534.00  146.50914  1532.806940  1533.572621  -0.765681  -1.538738 -1.152043 -0.386695  48.075835     326.0
2021-03-09 12:40:00 2021-03-09 12:40:00  1534.00  1537.49  1533.15  1535.35  160.42872  1534.078470  1534.080444  -0.001974  -1.373252 -1.196285 -0.176967  52.594442     -37.0
2021-03-09 12:45:00 2021-03-09 12:45:00  1535.47  1535.47  1531.35  1533.26  136.87810  1533.669235  1533.846031  -0.176796  -1.394671 -1.235962 -0.158709  45.274865     148.5
2021-03-09 12:50:00 2021-03-09 12:50:00  1533.26  1538.48  1532.74  1538.32   66.42632  1535.994617  1535.124308   0.870309  -0.991912 -1.187152  0.195240  61.031031     106.5
2021-03-09 12:55:00 2021-03-09 12:55:00  1538.02  1538.15  1533.10  1535.39   45.09500  1535.692309  1535.200220   0.492089  -0.898788 -1.129479  0.230691  50.856615    -169.0
2021-03-09 13:00:00 2021-03-09 13:00:00  1535.19  1535.22  1530.65  1534.94   70.00616  1535.316154  1535.125871   0.190283  -0.851483 -1.073880  0.222397  49.340648    -188.5
2021-03-09 13:05:00 2021-03-09 13:05:00  1534.83  1535.31  1529.45  1531.62  101.54184  1533.468077  1534.124194  -0.656117  -1.069560 -1.073016  0.003456  39.038228    -116.0
2021-03-09 13:10:00 2021-03-09 13:10:00  1531.19  1532.62  1529.67  1532.62   62.07565  1533.044039  1533.694424  -0.650386  -1.148458 -1.088104 -0.060354  43.316187     -37.0
2021-03-09 13:15:00 2021-03-09 13:15:00  1532.47  1534.46  1530.01  1530.88   41.39897  1531.962019  1532.890303  -0.928284  -1.335988 -1.137681 -0.198307  37.780437     -51.0
2021-03-09 13:20:00 2021-03-09 13:20:00  1530.10  1533.00  1529.01  1531.60   81.96318  1531.781010  1532.521645  -0.740635  -1.410252 -1.192195 -0.218057  41.493199      55.5
2021-03-09 13:25:00 2021-03-09 13:25:00  1531.45  1533.63  1530.76  1531.99   47.94121  1531.885505  1532.369746  -0.484242  -1.421254 -1.238007 -0.183247  43.677756    -301.0
2021-03-09 13:30:00 2021-03-09 13:30:00  1532.00  1533.27  1522.16  1525.58  127.67284  1528.732752  1530.429819  -1.697066  -1.925016 -1.375409 -0.549607  25.153760    -165.5
2021-03-09 13:35:00 2021-03-09 13:35:00  1525.92  1529.87  1525.35  1528.68   86.63163  1528.706376  1529.929871  -1.223494  -2.050471 -1.510421 -0.540049  39.936909     137.0
2021-03-09 13:40:00 2021-03-09 13:40:00  1528.88  1530.31  1527.24  1528.32  101.99401  1528.513188  1529.469908  -0.956719  -2.154112 -1.639159 -0.514953  38.867112    -154.5
2021-03-09 13:45:00 2021-03-09 13:45:00  1528.27  1528.58  1524.45  1525.59   66.59524  1527.051594  1528.361363  -1.309769  -2.428542 -1.797036 -0.631506  31.249606    -560.5
2021-03-09 13:50:00 2021-03-09 13:50:00  1525.59  1527.24  1513.91  1517.11  320.60737  1522.080797  1525.146688  -3.065891  -3.292343 -2.096097 -1.196245  18.057703    -329.5
2021-03-09 13:55:00 2021-03-09 13:55:00  1516.70  1522.58  1516.44  1519.00  182.58475  1520.540399  1523.390491  -2.850093  -3.780821 -2.433042 -1.347779  26.370754     284.0
2021-03-09 14:00:00 2021-03-09 14:00:00  1519.01  1523.97  1515.38  1522.79  522.87334  1521.665199  1523.218922  -1.553723  -3.818109 -2.710055 -1.108054  40.818416     112.5
2021-03-09 14:05:00 2021-03-09 14:05:00  1521.63  1524.46  1520.90  1521.25   95.11857  1521.457600  1522.656373  -1.198773  -3.926661 -2.953377 -0.973285  37.254041     -16.0
2021-03-09 14:10:00 2021-03-09 14:10:00  1521.43  1524.58  1520.00  1522.47   77.84393  1521.963800  1522.603124  -0.639324  -3.869639 -3.136629 -0.733010  42.063537     506.5
2021-03-09 14:15:00 2021-03-09 14:15:00  1522.47  1531.38  1522.47  1531.38   88.24823  1526.671900  1525.110803   1.561097  -3.070096 -3.123323  0.053226  65.343991     493.5
2021-03-09 14:20:00 2021-03-09 14:20:00  1531.40  1532.49  1528.90  1532.34  148.16587  1529.505950  1527.176288   2.329662  -2.332106 -2.965079  0.632974  67.055568      14.0
2021-03-09 14:25:00 2021-03-09 14:25:00  1532.50  1533.00  1530.93  1531.66   72.88164  1530.582975  1528.457348   2.125627  -1.781576 -2.728379  0.946803  64.354022     101.5
2021-03-09 14:30:00 2021-03-09 14:30:00  1531.66  1534.81  1531.36  1534.37   98.69471  1532.476487  1530.146677   2.329810  -1.113764 -2.405456  1.291691  70.112511     162.5
2021-03-09 14:35:00 2021-03-09 14:35:00  1534.21  1534.91  1530.17  1534.91   95.46878  1533.693244  1531.507627   2.185617  -0.534780 -2.031321  1.496540  71.224072     225.5
2021-03-09 14:40:00 2021-03-09 14:40:00  1534.86  1541.41  1532.59  1538.88  154.99906  1536.286622  1533.614019   2.672603   0.241629 -1.576731  1.818360  78.333201     591.0
2021-03-09 14:45:00 2021-03-09 14:45:00  1539.29  1547.62  1539.29  1546.73  331.07352  1541.508311  1537.361442   4.146869   1.473384 -0.966708  2.440092  86.340456     248.5
2021-03-09 14:50:00 2021-03-09 14:50:00  1546.55  1546.55  1542.19  1543.85  136.78435  1542.679155  1539.215316   3.463840   2.191900 -0.334986  2.526886  74.258454     -24.5
2021-03-09 14:55:00 2021-03-09 14:55:00  1543.83  1546.82  1542.40  1546.24  127.54672  1544.459578  1541.222368   3.237209   2.920516  0.316114  2.604402  77.406842     -67.0
2021-03-09 15:00:00 2021-03-09 15:00:00  1546.13  1546.83  1539.41  1542.51  344.12905  1543.484789  1541.590263   1.894526   3.160537  0.884999  2.275538  62.980619    -210.5
2021-03-09 15:05:00 2021-03-09 15:05:00  1542.47  1543.00  1539.63  1542.03  145.21411  1542.757394  1541.715902   1.041492   3.274280  1.362855  1.911425  61.218759     -28.5
2021-03-09 15:10:00 2021-03-09 15:10:00  1542.03  1542.39  1539.08  1541.94   87.48653  1542.348697  1541.779930   0.568767   3.318901  1.754064  1.564837  60.835840    -140.0
2021-03-09 15:15:00 2021-03-09 15:15:00  1542.02  1542.47  1537.06  1539.23  104.92176  1540.789349  1541.051379  -0.262030   3.099856  2.023223  1.076634  49.620947    -121.0
2021-03-09 15:20:00 2021-03-09 15:20:00  1539.25  1540.37  1537.05  1539.52  141.26865  1540.154674  1540.613842  -0.459168   2.916048  2.201788  0.714260  50.785970      92.0
2021-03-09 15:25:00 2021-03-09 15:25:00  1539.38  1543.82  1535.71  1541.07  345.83636  1540.612337  1540.744173  -0.131836   2.862454  2.333921  0.528533  57.142579     138.0
2021-03-09 15:30:00 2021-03-09 15:30:00  1540.96  1543.81  1538.45  1542.28  201.19134  1541.446169  1541.182981   0.263188   2.884368  2.444010  0.440358  61.768449     -38.0
2021-03-09 15:35:00 2021-03-09 15:35:00  1542.24  1542.24  1539.92  1540.31  123.47308  1540.878084  1540.933558  -0.055473   2.711516  2.497511  0.214004  51.011327    -239.5
2021-03-09 15:40:00 2021-03-09 15:40:00  1540.43  1540.85  1537.27  1537.49  116.31691  1539.184042  1539.949684  -0.765642   2.320232  2.462056 -0.141823  39.265062      32.5
2021-03-09 15:45:00 2021-03-09 15:45:00  1537.49  1541.18  1537.26  1540.96   75.80543  1540.072021  1540.238346  -0.166325   2.264039  2.422452 -0.158413  54.675840     167.5
2021-03-09 15:50:00 2021-03-09 15:50:00  1541.11  1543.49  1540.36  1540.84  122.35896  1540.456011  1540.410247   0.045764   2.184640  2.374890 -0.190250  54.106115     -89.0
2021-03-09 15:55:00 2021-03-09 15:55:00  1540.73  1541.54  1538.84  1539.18   95.88344  1539.818005  1540.058748  -0.240743   1.965114  2.292935 -0.327821  46.127337    -237.5
2021-03-09 16:00:00 2021-03-09 16:00:00  1539.30  1540.00  1535.42  1536.09  145.96165  1537.954003  1538.924820  -0.970817   1.524231  2.139194 -0.614963  34.697901    -272.5
2021-03-09 16:05:00 2021-03-09 16:05:00  1536.06  1538.19  1533.22  1533.73  251.58748  1535.842001  1537.440586  -1.598584   0.973177  1.905991 -0.932813  28.276535    -431.5
2021-03-09 16:10:00 2021-03-09 16:10:00  1533.51  1533.73  1527.19  1527.46  214.55790  1531.651001  1534.588990  -2.937989   0.030179  1.530828 -1.500649  17.783848    -181.0
2021-03-09 16:15:00 2021-03-09 16:15:00  1527.44  1533.40  1527.27  1530.11  135.40707  1530.880500  1533.309278  -2.428778  -0.497585  1.125146 -1.622731  30.806146     189.0
2021-03-09 16:20:00 2021-03-09 16:20:00  1530.15  1531.49  1526.01  1531.24  122.54529  1531.060250  1532.718056  -1.657806  -0.815263  0.737064 -1.552327  35.993748     267.5
2021-03-09 16:25:00 2021-03-09 16:25:00  1531.24  1537.28  1530.41  1535.46  137.94137  1533.260125  1533.501469  -0.241343  -0.718227  0.446006 -1.164232  52.090440     136.0
2021-03-09 16:30:00 2021-03-09 16:30:00  1535.65  1535.99  1531.77  1533.96   73.48370  1533.610063  1533.632478  -0.022415  -0.753674  0.206070 -0.959744  47.044069    -124.0
2021-03-09 16:35:00 2021-03-09 16:35:00  1533.72  1533.77  1531.42  1532.98  105.66168  1533.295031  1533.446055  -0.151024  -0.851035 -0.005351 -0.845683  43.723219     -59.0
2021-03-09 16:40:00 2021-03-09 16:40:00  1532.98  1534.48  1531.00  1532.78  158.16043  1533.037516  1533.255754  -0.218238  -0.933570 -0.190995 -0.742575  42.980203     -52.5
2021-03-09 16:45:00 2021-03-09 16:45:00  1532.82  1534.93  1531.93  1531.93   89.93710  1532.483758  1532.876967  -0.393209  -1.055402 -0.363876 -0.691525  39.552305     -41.0
2021-03-09 16:50:00 2021-03-09 16:50:00  1531.48  1533.13  1526.40  1531.96  222.12592  1532.221879  1532.614976  -0.393098  -1.136433 -0.518388 -0.618046  39.755802     569.5
2021-03-09 16:55:00 2021-03-09 16:55:00  1532.18  1543.44  1531.21  1543.32  205.28425  1537.770939  1535.673555   2.097385  -0.280758 -0.470862  0.190104  76.185590    1005.5
2021-03-09 17:00:00 2021-03-09 17:00:00  1543.32  1554.51  1543.23  1552.07  464.73437  1544.920470  1540.358253   4.562216   1.090848 -0.158520  1.249368  84.723811     -83.0
2021-03-09 17:05:00 2021-03-09 17:05:00  1552.04  1552.13  1541.27  1541.66  192.49338  1543.290235  1540.730181   2.560054   1.322609  0.137706  1.184903  56.039442   -1006.0
2021-03-09 17:10:00 2021-03-09 17:10:00  1541.58  1541.58  1530.00  1531.95  515.91843  1537.620117  1538.221558  -0.601440   0.714530  0.253071  0.461459  40.639016     -23.5
2021-03-09 17:15:00 2021-03-09 17:15:00  1532.12  1541.39  1530.11  1541.19  192.01064  1539.405059  1539.069684   0.335375   0.967065  0.395870  0.571195  54.817833     309.0
2021-03-09 17:20:00 2021-03-09 17:20:00  1540.35  1542.45  1536.85  1538.13  182.70204  1538.767529  1538.801203  -0.033674   0.909797  0.498655  0.411142  50.065487    -304.0
2021-03-09 17:25:00 2021-03-09 17:25:00  1537.78  1538.37  1532.35  1535.11  102.47459  1536.938765  1537.746574  -0.807809   0.613649  0.521654  0.091995  45.403780      97.5
2021-03-09 17:30:00 2021-03-09 17:30:00  1534.71  1540.17  1532.00  1540.08  107.28460  1538.509382  1538.413267   0.096116   0.771099  0.571543  0.199556  53.883698     346.0
2021-03-09 17:35:00 2021-03-09 17:35:00  1540.08  1547.02  1538.39  1542.03  193.48267  1540.269691  1539.446619   0.823072   1.041225  0.665479  0.375746  57.026313     133.5
2021-03-09 17:40:00 2021-03-09 17:40:00  1541.88  1544.16  1540.55  1542.75   70.37111  1541.509846  1540.390442   1.119403   1.298432  0.792070  0.506362  58.285817     105.0
2021-03-09 17:45:00 2021-03-09 17:45:00  1542.62  1546.30  1542.44  1544.13   96.10996  1542.819923  1541.458887   1.361035   1.595236  0.952703  0.642533  60.920190      58.5
2021-03-09 17:50:00 2021-03-09 17:50:00  1544.08  1545.50  1541.36  1543.92   87.04406  1543.369961  1542.162062   1.207899   1.792844  1.120731  0.672112  60.225652    -111.5
2021-03-09 17:55:00 2021-03-09 17:55:00  1544.04  1545.01  1541.47  1541.90   70.59606  1542.634981  1542.087187   0.547793   1.766093  1.249804  0.516290  53.221783      76.0
2021-03-09 18:00:00 2021-03-09 18:00:00  1542.01  1546.12  1538.50  1545.44  117.79951  1544.037490  1543.045134   0.992356   2.007402  1.401323  0.606079  62.413923     339.5
2021-03-09 18:05:00 2021-03-09 18:05:00  1545.27  1548.69  1543.45  1548.69   65.84063  1546.363745  1544.657953   1.705792   2.432844  1.607628  0.825217  69.102802     -14.0
2021-03-09 18:10:00 2021-03-09 18:10:00  1548.66  1548.77  1544.19  1545.16   90.07769  1545.761873  1544.801395   0.960478   2.456848  1.777472  0.679376  56.092102    -237.5
2021-03-09 18:15:00 2021-03-09 18:15:00  1545.20  1546.87  1543.03  1543.94  117.69817  1544.850936  1544.555282   0.295654   2.350334  1.892044  0.458290  52.029354    -159.5
2021-03-09 18:20:00 2021-03-09 18:20:00  1544.09  1545.47  1541.20  1541.97  146.39544  1543.410468  1543.816630  -0.406162   2.082947  1.930225  0.152723  45.625863    -159.0
2021-03-09 18:25:00 2021-03-09 18:25:00  1541.65  1541.65  1539.14  1540.76   93.65794  1542.085234  1542.943307  -0.858073   1.753195  1.894819 -0.141624  41.831233    -398.0
2021-03-09 18:30:00 2021-03-09 18:30:00  1540.44  1540.80  1534.00  1534.01  169.33982  1538.047617  1540.390934  -2.343317   0.936401  1.703135 -0.766734  26.870923    -383.0
2021-03-09 18:35:00 2021-03-09 18:35:00  1534.22  1537.00  1532.85  1533.10  159.92999  1535.573809  1538.307810  -2.734001   0.213199  1.405148 -1.191949  25.401272     -37.0
2021-03-09 18:40:00 2021-03-09 18:40:00  1533.03  1535.28  1532.51  1533.27  105.44246  1534.421904  1536.868436  -2.446531  -0.342281  1.055662 -1.397943  26.304837    -167.5
2021-03-09 18:45:00 2021-03-09 18:45:00  1533.11  1533.58  1528.69  1529.75  116.26113  1532.085952  1534.834597  -2.748645  -1.054383  0.633653 -1.688036  20.219621      51.0
2021-03-09 18:50:00 2021-03-09 18:50:00  1529.84  1534.29  1529.84  1534.29  110.96309  1533.187976  1534.678998  -1.491022  -1.238117  0.259299 -1.497416  41.253409     -14.5
2021-03-09 18:55:00 2021-03-09 18:55:00  1534.29  1534.29  1529.11  1529.46  110.22913  1531.323988  1533.187856  -1.863867  -1.753257 -0.143212 -1.610045  30.864800     -19.0
2021-03-09 19:00:00 2021-03-09 19:00:00  1529.61  1534.94  1525.18  1533.91  370.08665  1532.616994  1533.394183  -0.777188  -1.781891 -0.470948 -1.310943  45.921134     168.5
2021-03-09 19:05:00 2021-03-09 19:05:00  1533.53  1536.96  1531.76  1532.83   64.34487  1532.723497  1533.232988  -0.509491  -1.870173 -0.750793 -1.119380  43.182270    -177.5
2021-03-09 19:10:00 2021-03-09 19:10:00  1532.62  1534.06  1530.00  1530.36   99.60860  1531.541749  1532.412134  -0.870385  -2.115064 -1.023647 -1.091417  37.108171      92.0
2021-03-09 19:15:00 2021-03-09 19:15:00  1530.35  1534.68  1530.04  1534.67   95.22843  1533.105874  1533.057239   0.048636  -1.939009 -1.206719 -0.732290  51.417463      -9.5
2021-03-09 19:20:00 2021-03-09 19:20:00  1534.54  1535.00  1529.74  1530.17  109.16761  1531.637937  1532.232313  -0.594376  -2.137952 -1.392966 -0.744986  40.011637    -110.5
2021-03-09 19:25:00 2021-03-09 19:25:00  1530.44  1533.92  1529.14  1532.46   70.23779  1532.048969  1532.297367  -0.248398  -2.086776 -1.531728 -0.555048  47.168363     207.5
2021-03-09 19:30:00 2021-03-09 19:30:00  1532.14  1535.42  1531.53  1534.32  125.62757  1533.184484  1532.875262   0.309222  -1.874525 -1.600287 -0.274237  52.671710     145.0
2021-03-09 19:35:00 2021-03-09 19:35:00  1534.44  1536.09  1532.20  1535.36  112.61665  1534.272242  1533.585187   0.687055  -1.603906 -1.601011 -0.002895  55.763535     102.5
2021-03-09 19:40:00 2021-03-09 19:40:00  1535.35  1536.92  1533.38  1536.37  135.19248  1535.321121  1534.380848   0.940273  -1.293034 -1.539416  0.246381  58.893060    -267.5
2021-03-09 19:45:00 2021-03-09 19:45:00  1536.05  1536.05  1529.55  1530.01   95.46211  1532.665561  1533.132034  -0.466474  -1.542089 -1.539950 -0.002139  38.377243    -154.5
2021-03-09 19:50:00 2021-03-09 19:50:00  1529.89  1535.44  1529.89  1533.28   77.08962  1532.972780  1533.174310  -0.201530  -1.458789 -1.523718  0.064929  49.278750     143.0
2021-03-09 19:55:00 2021-03-09 19:55:00  1533.44  1535.25  1531.99  1532.87   57.46016  1532.921390  1533.087364  -0.165974  -1.409607 -1.500896  0.091288  48.001094      11.5
2021-03-09 20:00:00 2021-03-09 20:00:00  1532.77  1534.99  1530.58  1533.51   99.71528  1533.215695  1533.208117   0.007578  -1.303957 -1.461508  0.157551  50.409502    -143.5
2021-03-09 20:05:00 2021-03-09 20:05:00  1533.37  1533.92  1530.00  1530.00  244.90117  1531.607848  1532.291512  -0.683665  -1.486323 -1.466471 -0.019852  38.633283    -112.0
2021-03-09 20:10:00 2021-03-09 20:10:00  1530.00  1532.80  1529.62  1531.27  135.37383  1531.438924  1531.999652  -0.560728  -1.510953 -1.475367 -0.035586  44.284563      91.5
2021-03-09 20:15:00 2021-03-09 20:15:00  1531.07  1533.08  1530.05  1531.83  149.63489  1531.634462  1531.951180  -0.316718  -1.468359 -1.473966  0.005607  46.873326     212.0
2021-03-09 20:20:00 2021-03-09 20:20:00  1531.39  1536.96  1530.88  1535.51  223.67947  1533.572231  1532.967986   0.604245  -1.124693 -1.404111  0.279418  61.119289      89.5
2021-03-09 20:25:00 2021-03-09 20:25:00  1535.50  1535.53  1532.57  1533.62   71.54605  1533.596115  1533.154275   0.441840  -0.993391 -1.321967  0.328576  52.451089    -146.0
2021-03-09 20:30:00 2021-03-09 20:30:00  1533.74  1534.25  1532.33  1532.59   81.75032  1533.093058  1532.993054   0.100004  -0.961364 -1.249846  0.288483  47.999228      31.0
2021-03-09 20:35:00 2021-03-09 20:35:00  1532.48  1536.32  1530.22  1534.24  122.45409  1533.666529  1533.349324   0.317205  -0.793692 -1.158616  0.364924  55.293554     317.5
2021-03-09 20:40:00 2021-03-09 20:40:00  1534.22  1538.94  1534.22  1538.94  159.63507  1536.303264  1534.946660   1.356604  -0.278351 -0.982563  0.704212  69.782326     185.0
2021-03-09 20:45:00 2021-03-09 20:45:00  1538.78  1540.05  1537.15  1537.94  139.07617  1537.121632  1535.801900   1.319732   0.048806 -0.776289  0.825095  64.449421      17.0
2021-03-09 20:50:00 2021-03-09 20:50:00  1537.90  1541.61  1537.22  1539.28   68.70258  1538.200816  1536.795643   1.405173   0.411464 -0.538738  0.950202  68.340009      24.0
2021-03-09 20:55:00 2021-03-09 20:55:00  1539.10  1539.96  1537.69  1538.42   48.58958  1538.310408  1537.259745   1.050663   0.622305 -0.306530  0.928835  63.027795     -26.5
2021-03-09 21:00:00 2021-03-09 21:00:00  1538.41  1542.50  1536.03  1538.75  111.36158  1538.530204  1537.685532   0.844672   0.806727 -0.083878  0.890605  64.305409       3.5
2021-03-09 21:05:00 2021-03-09 21:05:00  1538.45  1540.27  1537.00  1538.49  113.59504  1538.510102  1537.915380   0.594722   0.921282  0.117154  0.804128  62.270943     -64.0
2021-03-09 21:10:00 2021-03-09 21:10:00  1538.45  1538.96  1537.02  1537.47   70.50153  1537.990051  1537.788129   0.201922   0.919167  0.277556  0.641611  54.198609     -34.5
2021-03-09 21:15:00 2021-03-09 21:15:00  1537.47  1539.24  1536.17  1537.80  130.06265  1537.895026  1537.791520   0.103505   0.933360  0.408717  0.524643  56.393245     120.5
2021-03-09 21:20:00 2021-03-09 21:20:00  1537.84  1540.73  1537.50  1539.88   76.56080  1538.887513  1538.388229   0.499284   1.099770  0.546928  0.552842  67.993208     272.5
2021-03-09 21:25:00 2021-03-09 21:25:00  1539.97  1543.99  1539.80  1543.25  217.26821  1541.068756  1539.777306   1.291450   1.486446  0.734831  0.751615  78.903908     256.0
2021-03-09 21:30:00 2021-03-09 21:30:00  1543.40  1545.35  1540.94  1545.00  143.97259  1543.034378  1541.269505   1.764874   1.912059  0.970277  0.941782  82.600045     102.0
2021-03-09 21:35:00 2021-03-09 21:35:00  1545.00  1545.29  1543.20  1545.29  130.79861  1544.162189  1542.418218   1.743972   2.246861  1.225594  1.021267  83.185862     -15.0
2021-03-09 21:40:00 2021-03-09 21:40:00  1545.10  1545.39  1542.00  1544.70  117.58236  1544.431095  1543.070155   1.360939   2.436499  1.467775  0.968724  76.867672      35.5
2021-03-09 21:45:00 2021-03-09 21:45:00  1544.70  1548.47  1544.00  1546.00  172.40741  1545.215547  1543.907254   1.308293   2.661014  1.706423  0.954591  80.736288      28.5
2021-03-09 21:50:00 2021-03-09 21:50:00  1545.99  1545.99  1543.16  1545.27  227.87864  1545.242774  1544.296610   0.946164   2.748357  1.914809  0.833547  72.559354    -129.0
2021-03-09 21:55:00 2021-03-09 21:55:00  1545.08  1545.21  1543.10  1543.42   53.86252  1544.331387  1544.046150   0.285237   2.637889  2.059425  0.578464  55.473478     -73.5
2021-03-09 22:00:00 2021-03-09 22:00:00  1543.54  1545.49  1542.66  1543.80   40.29967  1544.065693  1543.975821   0.089872   2.551592  2.157859  0.393734  57.916082      25.0
2021-03-09 22:05:00 2021-03-09 22:05:00  1543.51  1544.73  1542.27  1543.92  102.04734  1543.992847  1543.959872   0.032974   2.464476  2.219182  0.245294  58.773108    -145.0
2021-03-09 22:10:00 2021-03-09 22:10:00  1543.90  1544.74  1540.50  1540.90   82.66387  1542.446423  1543.085623  -0.639200   2.127225  2.200791 -0.073566  36.391714    -136.5
2021-03-09 22:15:00 2021-03-09 22:15:00  1540.80  1543.01  1540.40  1541.19  121.59197  1541.818212  1542.544017  -0.725805   1.861889  2.133010 -0.271121  39.065603      -9.0
2021-03-09 22:20:00 2021-03-09 22:20:00  1541.59  1543.25  1539.84  1540.72  154.11206  1541.269106  1542.022869  -0.753763   1.595294  2.025467 -0.430173  36.113193    -295.5
2021-03-09 22:25:00 2021-03-09 22:25:00  1540.72  1540.72  1535.28  1535.28  119.76660  1538.274553  1540.096335  -1.821782   0.934283  1.807230 -0.872947  17.618788    -313.5
2021-03-09 22:30:00 2021-03-09 22:30:00  1535.28  1535.28  1531.00  1534.45  154.92871  1536.362276  1538.483096  -2.120820   0.339539  1.513692 -1.174153  16.108403      86.0
2021-03-09 22:35:00 2021-03-09 22:35:00  1534.61  1538.06  1533.47  1537.00   95.43889  1536.681138  1538.059355  -1.378216   0.073121  1.225578 -1.152457  36.254971     145.0
2021-03-09 22:40:00 2021-03-09 22:40:00  1537.00  1539.00  1535.77  1537.35   93.21947  1537.015569  1537.856682  -0.841113  -0.108524  0.958758 -1.067282  38.680413     270.0
2021-03-09 22:45:00 2021-03-09 22:45:00  1537.48  1543.01  1537.48  1542.40   90.60142  1539.707785  1539.154773   0.553012   0.153247  0.797656 -0.644408  63.033618      21.5
2021-03-09 22:50:00 2021-03-09 22:50:00  1542.40  1542.62  1536.70  1537.78   80.87240  1538.743892  1538.761981  -0.018088  -0.011955  0.635733 -0.647688  43.895208    -309.0
2021-03-09 22:55:00 2021-03-09 22:55:00  1537.01  1537.62  1533.85  1536.22  127.28937  1537.481946  1538.035700  -0.553754  -0.265695  0.455448 -0.721143  39.086541      -6.0
2021-03-09 23:00:00 2021-03-09 23:00:00  1535.99  1540.00  1535.42  1537.66   45.83117  1537.570973  1537.928357  -0.357384  -0.346594  0.295039 -0.641634  45.678283     180.5
2021-03-09 23:05:00 2021-03-09 23:05:00  1537.78  1540.78  1537.78  1539.83   61.58102  1538.700487  1538.471684   0.228803  -0.232922  0.189447 -0.422369  54.568675     101.0
2021-03-09 23:10:00 2021-03-09 23:10:00  1539.84  1540.25  1537.71  1539.68  117.95214  1539.190243  1538.816917   0.373326  -0.153174  0.120923 -0.274097  53.837792     -36.5
2021-03-09 23:15:00 2021-03-09 23:15:00  1539.58  1539.58  1535.99  1539.10   55.46440  1539.145122  1538.897798   0.247324  -0.135215  0.069695 -0.204911  50.687691     -82.0
2021-03-09 23:20:00 2021-03-09 23:20:00  1539.17  1539.21  1537.09  1538.04   59.09400  1538.592561  1538.652713  -0.060152  -0.204163  0.014924 -0.219086  44.923129    -142.5
2021-03-09 23:25:00 2021-03-09 23:25:00  1538.09  1539.00  1536.25  1536.25   34.90161  1537.421280  1537.966223  -0.544943  -0.398647 -0.067790 -0.330856  36.509267      73.5
2021-03-09 23:30:00 2021-03-09 23:30:00  1536.25  1539.62  1535.00  1539.51   64.86765  1538.465640  1538.407302   0.058338  -0.286420 -0.111516 -0.174904  54.949633     181.0
2021-03-09 23:35:00 2021-03-09 23:35:00  1539.64  1542.68  1539.17  1539.87  111.62861  1539.167820  1538.825216   0.342604  -0.166512 -0.122515 -0.043996  56.619270     217.5
2021-03-09 23:40:00 2021-03-09 23:40:00  1539.16  1544.19  1539.16  1543.86   71.92801  1541.513910  1540.263726   1.250184   0.247622 -0.048488  0.296110  70.942340     386.5
2021-03-09 23:45:00 2021-03-09 23:45:00  1543.99  1547.92  1543.44  1547.60  118.35386  1544.556955  1542.359804   2.197151   0.867611  0.134732  0.732880  78.811382     150.5
2021-03-09 23:50:00 2021-03-09 23:50:00  1547.66  1547.71  1544.49  1546.87  178.38395  1545.713478  1543.648431   2.065046   1.285237  0.364833  0.920404  74.110560     243.5
2021-03-09 23:55:00 2021-03-09 23:55:00  1546.86  1552.64  1546.71  1552.47  291.32159  1549.091739  1546.168880   2.922859   2.044514  0.700769  1.343745  83.287157      82.0
